0.000000	-4.875836	21.692925	0.176427	-4.845691	21.591287	
0.000040	-4.875836	21.692925	0.176427	-4.845637	21.591463	
0.000080	-4.875836	21.692925	0.176427	-4.845626	21.591468	
0.000121	-4.875836	21.692925	0.176427	-4.845614	21.591290	
0.000161	-4.875836	21.692925	0.176427	-4.845458	21.591378	
0.000323	-4.875835	21.692925	0.176427	-4.845718	21.591492	
0.000484	-4.875835	21.692925	0.176427	-4.845611	21.591376	
0.000646	-4.875834	21.692925	0.176426	-4.845542	21.591444	
0.000807	-4.875833	21.692925	0.176426	-4.845629	21.591569	
0.001142	-4.875830	21.692925	0.176425	-4.845749	21.591186	
0.001476	-4.875826	21.692925	0.176425	-4.845632	21.591371	
0.001810	-4.875820	21.692925	0.176423	-4.845526	21.591470	
0.002144	-4.875813	21.692926	0.176422	-4.845637	21.591491	
0.002472	-4.875804	21.692926	0.176420	-4.845649	21.591499	
0.002801	-4.875794	21.692926	0.176418	-4.845567	21.591417	
0.003129	-4.875783	21.692926	0.176416	-4.845706	21.591358	
0.003458	-4.875769	21.692925	0.176412	-4.845497	21.591214	
0.003763	-4.875755	21.692924	0.176409	-4.845744	21.591305	
0.004069	-4.875739	21.692922	0.176405	-4.845465	21.591442	
0.004374	-4.875721	21.692918	0.176401	-4.845405	21.591479	
0.004680	-4.875700	21.692914	0.176396	-4.845300	21.591387	
0.005878	-4.875600	21.692889	0.176369	-4.845322	21.591411	
0.007076	-4.875462	21.692846	0.176332	-4.845196	21.591334	
0.008273	-4.875282	21.692783	0.176282	-4.844936	21.591550	
0.009471	-4.875055	21.692696	0.176217	-4.844972	21.591400	
0.012882	-4.874101	21.692295	0.175940	-4.843832	21.591128	
0.016293	-4.872603	21.691614	0.175496	-4.842809	21.591203	
0.019703	-4.870444	21.690583	0.174848	-4.840574	21.590760	
0.023114	-4.867505	21.689135	0.173959	-4.837935	21.589944	
0.031887	-4.855539	21.683023	0.170316	-4.827142	21.587478	
0.040659	-4.835616	21.672573	0.164268	-4.808899	21.583070	
0.049432	-4.805702	21.656704	0.155368	-4.781545	21.576213	
0.058204	-4.763755	21.634464	0.143506	-4.743608	21.566648	
0.064375	-4.725939	21.614617	0.133700	-4.709216	21.558157	
0.070545	-4.680465	21.591159	0.123408	-4.667409	21.547583	
0.076716	-4.626661	21.564153	0.113911	-4.618114	21.535578	
0.082886	-4.563896	21.533889	0.107215	-4.560266	21.521653	
0.089056	-4.491590	21.500950	0.105646	-4.493023	21.506230	
0.095227	-4.409231	21.466261	0.110573	-4.416064	21.489014	
0.101397	-4.316379	21.431107	0.121120	-4.327615	21.470278	
0.107568	-4.212660	21.397108	0.134362	-4.228004	21.449876	
0.127079	-3.806867	21.313152	0.152810	-3.825267	21.375972	
0.146591	-3.275089	21.303976	0.106446	-3.278181	21.314258	
0.166103	-2.596498	21.344433	0.120482	-2.586520	21.307361	
0.185614	-1.767354	21.403326	0.099809	-1.764115	21.390832	
0.201443	-1.009854	21.509996	0.108184	-1.015105	21.530586	
0.217271	-0.198442	21.703427	0.111583	-0.202304	21.721883	
0.233099	0.655451	21.956126	0.100426	0.657591	21.949790	
0.248927	1.541946	22.207175	0.107601	1.544960	22.192690	
0.265476	2.478065	22.433816	0.102048	2.477163	22.434571	
0.282025	3.387692	22.623535	0.105526	3.385638	22.634753	
0.298574	4.243072	22.764178	0.101589	4.243456	22.767664	
0.315123	5.025091	22.822178	0.104306	5.026299	22.814702	
0.331672	5.714718	22.775018	0.104220	5.714860	22.769013	
0.348221	6.299141	22.632582	0.098304	6.299082	22.635650	
0.364770	6.776093	22.421961	0.108427	6.775825	22.428919	
0.381319	7.149931	22.165879	0.100944	7.149418	22.169977	
0.392340	7.346080	21.978739	0.103000	7.345549	21.980000	
0.403361	7.504972	21.784487	0.100848	7.504544	21.783547	
0.414382	7.631373	21.588748	0.097149	7.631420	21.586829	
0.425402	7.730016	21.397197	0.100252	7.730493	21.395113	
0.436423	7.805477	21.214791	0.106687	7.806201	21.212621	
0.447444	7.862312	21.044423	0.109656	7.863084	21.041943	
0.458465	7.904396	20.887916	0.108125	7.905253	20.885594	
0.469485	7.934874	20.746785	0.104773	7.935406	20.743813	
0.479408	7.954609	20.633615	0.102381	7.955101	20.630420	
0.489331	7.968873	20.533002	0.101332	7.969106	20.529586	
0.499254	7.979030	20.444311	0.101419	7.979200	20.440658	
0.509177	7.986117	20.367183	0.102113	7.986319	20.363424	
0.517808	7.990428	20.309125	0.102852	7.990494	20.305016	
0.526439	7.993494	20.258570	0.103535	7.993476	20.254761	
0.535070	7.995649	20.214802	0.104088	7.995644	20.210810	
0.543701	7.997139	20.177296	0.104496	7.997043	20.173449	
0.551463	7.998067	20.148493	0.104751	7.998184	20.144893	
0.559224	7.998717	20.123754	0.104921	7.998734	20.120015	
0.566986	7.999169	20.102603	0.105029	7.999089	20.099040	
0.574747	7.999478	20.084674	0.105091	7.999551	20.080971	
0.581902	7.999674	20.070707	0.105120	7.999610	20.067076	
0.589057	7.999809	20.058849	0.105132	7.999462	20.055093	
0.596211	7.999901	20.048821	0.105133	7.999634	20.045255	
0.603366	7.999964	20.040405	0.105127	7.999963	20.036868	
0.610069	8.000004	20.033808	0.105119	7.999818	20.030130	
0.616772	8.000031	20.028268	0.105109	8.000014	20.024524	
0.623475	8.000049	20.023631	0.105100	7.999971	20.019964	
0.630178	8.000061	20.019777	0.105091	8.000021	20.016279	
0.636525	8.000069	20.016753	0.105084	7.999997	20.013124	
0.642872	8.000074	20.014240	0.105077	8.000012	20.010809	
0.649218	8.000078	20.012158	0.105071	8.000105	20.008575	
0.655565	8.000080	20.010444	0.105067	7.999981	20.006658	
0.661650	8.000082	20.009097	0.105063	8.000084	20.005523	
0.667736	8.000083	20.007990	0.105060	8.000158	20.004296	
0.673821	8.000083	20.007083	0.105058	7.999953	20.003453	
0.679906	8.000084	20.006345	0.105056	7.999877	20.002853	
0.685778	8.000084	20.005767	0.105055	8.000032	20.002085	
0.691650	8.000084	20.005298	0.105054	7.999870	20.001699	
0.697521	8.000085	20.004919	0.105053	7.999981	20.001229	
0.703393	8.000085	20.004614	0.105052	7.999760	20.000994	
0.707799	8.000085	20.004427	0.105052	8.000135	20.000796	
0.712204	8.000085	20.004269	0.105052	7.999911	20.000606	
0.716610	8.000085	20.004136	0.105052	8.000138	20.000484	
0.721016	8.000085	20.004025	0.105052	8.000006	20.000465	
0.725421	8.000085	20.003932	0.105052	8.000079	20.000326	
0.729827	8.000085	20.003855	0.105052	7.999977	20.000105	
0.734232	8.000085	20.003791	0.105052	7.999856	20.000028	
0.738638	8.000085	20.003739	0.105052	8.000022	20.000297	
0.743380	8.000085	20.003693	0.105052	8.000021	20.000301	
0.748122	8.000085	20.003656	0.105052	8.000010	19.999918	
0.752863	8.000085	20.003627	0.105052	8.000119	20.000004	
0.757605	8.000085	20.003603	0.105052	7.999964	20.000084	
0.762618	8.000085	20.003584	0.105052	8.000081	19.999874	
0.767630	8.000085	20.003570	0.105052	7.999948	19.999951	
0.772643	8.000085	20.003559	0.105052	8.000018	19.999902	
0.777656	8.000085	20.003551	0.105052	7.999998	19.999987	
0.781937	8.000085	20.003547	0.105052	7.999935	19.999958	
0.786219	8.000085	20.003543	0.105053	8.000082	19.999922	
0.790500	8.000085	20.003541	0.105053	8.000032	20.000100	
0.794782	8.000085	20.003539	0.105053	7.999801	19.999958	
0.799310	8.000085	20.003539	0.105053	8.000005	20.000051	
0.803838	8.000085	20.003539	0.105053	8.000289	20.000030	
0.808366	8.000085	20.003539	0.105053	7.999901	19.999905	
0.812894	8.000085	20.003540	0.105053	8.000115	19.999983	
0.819548	8.000085	20.003542	0.105053	7.999899	19.999762	
0.826202	8.000085	20.003544	0.105053	8.000061	19.999873	
0.832857	8.000085	20.003547	0.105053	7.999973	19.999996	
0.839511	8.000085	20.003549	0.105054	7.999867	19.999834	
0.843011	8.000085	20.003551	0.105054	8.000172	19.999884	
0.846510	8.000085	20.003552	0.105054	8.000038	19.999772	
0.850010	8.000085	20.003554	0.105054	7.999927	19.999946	
0.853509	8.000085	20.003555	0.105054	7.999897	19.999853	
0.857009	8.000085	20.003557	0.105054	7.999923	20.000008	
0.860508	8.000085	20.003558	0.105054	8.000008	20.000050	
0.864008	8.000085	20.003560	0.105054	7.999975	19.999832	
0.867507	8.000085	20.003561	0.105054	8.000027	20.000224	
0.870862	8.000085	20.003563	0.105054	7.999998	19.999753	
0.874216	8.000085	20.003564	0.105054	7.999935	19.999959	
0.877571	8.000085	20.003566	0.105054	8.000146	20.000004	
0.880926	8.000085	20.003567	0.105054	7.999913	20.000090	
0.884328	8.000085	20.003569	0.105054	7.999837	19.999901	
0.887731	8.000085	20.003570	0.105054	8.000099	19.999958	
0.891133	8.000085	20.003572	0.105054	7.999678	19.999696	
0.894536	8.000085	20.003573	0.105054	8.000053	19.999775	
0.897732	8.000085	20.003574	0.105055	7.999973	19.999887	
0.900929	8.000085	20.003576	0.105055	8.000052	19.999965	
0.904126	8.000085	20.003577	0.105055	8.000002	20.000048	
0.907323	8.000085	20.003579	0.105055	8.000037	20.000050	
0.910311	8.000085	20.003580	0.105055	8.000023	20.000023	
0.913300	8.000085	20.003582	0.105055	7.999924	19.999966	
0.916289	8.000085	20.003583	0.105055	8.000014	19.999878	
0.919277	8.000085	20.003584	0.105055	8.000093	19.999979	
0.922403	8.000085	20.003586	0.105055	8.000001	20.000026	
0.925528	8.000085	20.003587	0.105055	8.000134	19.999940	
0.928654	8.000085	20.003589	0.105055	8.000148	20.000029	
0.931779	8.000085	20.003590	0.105055	7.999860	20.000086	
0.933658	8.000085	20.003591	0.105055	8.000112	19.999998	
0.935536	8.000085	20.003592	0.105055	8.000088	19.999891	
0.937415	8.000085	20.003593	0.105055	7.999953	19.999985	
0.939293	8.000085	20.003594	0.105055	7.999896	20.000138	
0.941172	8.000085	20.003595	0.105055	7.999897	20.000124	
0.943050	8.000085	20.003596	0.105055	8.000032	20.000056	
0.944929	8.000085	20.003597	0.105055	8.000211	20.000063	
0.946807	8.000085	20.003598	0.105055	7.999937	20.000140	
0.948664	8.000085	20.003599	0.105055	8.000030	19.999801	
0.950521	8.000085	20.003600	0.105055	8.000044	20.000010	
0.952378	8.000085	20.003601	0.105055	7.999924	19.999962	
0.954235	8.000085	20.003602	0.105056	7.999992	19.999934	
0.955999	8.000085	20.003602	0.105056	7.999958	19.999961	
0.957763	8.000085	20.003603	0.105056	7.999963	20.000003	
0.959527	8.000085	20.003604	0.105056	8.000007	19.999951	
0.961292	8.000085	20.003605	0.105056	7.999956	19.999914	
0.963013	8.000085	20.003606	0.105056	7.999956	19.999902	
0.964734	8.000085	20.003607	0.105056	7.999887	19.999882	
0.966456	8.000085	20.003608	0.105056	8.000081	20.000009	
0.968177	8.000085	20.003609	0.105056	8.000060	19.999951	
0.969170	8.000085	20.003609	0.105056	7.999982	20.000033	
0.970163	8.000085	20.003610	0.105056	7.999855	19.999800	
0.971157	8.000085	20.003610	0.105056	7.999808	20.000001	
0.972150	8.000085	20.003611	0.105056	7.999991	20.000040	
0.973143	8.000085	20.003611	0.105056	8.000002	19.999966	
0.974136	8.000085	20.003611	0.105056	8.000230	20.000000	
0.975130	8.000085	20.003612	0.105056	8.000195	20.000126	
0.976123	8.000085	20.003612	0.105056	7.999964	19.999891	
0.976688	8.000085	20.003613	0.105056	7.999823	20.000052	
0.977253	8.000085	20.003613	0.105056	8.000095	20.000242	
0.977818	8.000085	20.003613	0.105056	7.999984	20.000008	
0.978384	8.000085	20.003613	0.105056	7.999871	20.000120	
0.978949	8.000085	20.003613	0.105056	7.999994	20.000026	
0.979514	8.000085	20.003613	0.105056	8.000164	19.999971	
0.980079	8.000085	20.003614	0.105056	7.999951	19.999925	
0.980644	8.000085	20.003614	0.105056	7.999951	20.000047	
0.981169	8.000085	20.003614	0.105056	7.999927	19.999954	
0.981694	8.000085	20.003614	0.105056	7.999974	19.999798	
0.982218	8.000085	20.003614	0.105056	8.000044	19.999932	
0.982743	8.000085	20.003614	0.105056	8.000148	20.000116	
0.983181	8.000085	20.003614	0.105056	7.999952	20.000053	
0.983619	8.000085	20.003614	0.105056	7.999979	20.000078	
0.984057	8.000085	20.003615	0.105056	8.000092	20.000018	
0.984496	8.000085	20.003615	0.105056	8.000043	19.999811	
0.984874	8.000085	20.003615	0.105056	7.999988	20.000013	
0.985252	8.000085	20.003615	0.105056	7.999844	20.000019	
0.985630	8.000085	20.003615	0.105056	8.000243	19.999905	
0.986008	8.000085	20.003615	0.105056	7.999842	20.000105	
0.986354	8.000085	20.003615	0.105056	7.999885	20.000125	
0.986700	8.000085	20.003615	0.105056	7.999897	20.000016	
0.987046	8.000085	20.003615	0.105056	8.000086	20.000052	
0.987391	8.000085	20.003615	0.105056	8.000067	19.999858	
0.987680	8.000085	20.003615	0.105056	7.999937	20.000210	
0.987968	8.000085	20.003615	0.105056	8.000035	20.000084	
0.988256	8.000085	20.003615	0.105056	7.999991	20.000076	
0.988544	8.000085	20.003615	0.105056	7.999936	19.999971	
0.988816	8.000085	20.003615	0.105056	8.000076	20.000002	
0.989087	8.000085	20.003615	0.105056	7.999971	19.999986	
0.989358	8.000085	20.003615	0.105056	7.999958	20.000039	
0.989630	8.000085	20.003615	0.105056	7.999989	20.000017	
0.990014	8.000085	20.003615	0.105056	7.999986	20.000042	
0.990399	8.000085	20.003615	0.105056	7.999942	20.000076	
0.990783	8.000085	20.003615	0.105056	8.000146	19.999896	
0.991168	8.000085	20.003615	0.105056	8.000110	19.999996	
0.991554	8.000085	20.003615	0.105056	7.999950	19.999930	
0.991939	8.000085	20.003615	0.105056	8.000050	19.999936	
0.992325	8.000085	20.003615	0.105056	8.000037	19.999896	
0.992710	8.000085	20.003615	0.105056	8.000014	19.999798	
0.993146	8.000085	20.003615	0.105056	7.999841	19.999957	
0.993582	8.000085	20.003615	0.105056	7.999905	20.000160	
0.994018	8.000085	20.003615	0.105056	7.999992	20.000063	
0.994454	8.000085	20.003615	0.105056	8.000092	19.999934	
0.994836	8.000085	20.003615	0.105056	7.999785	20.000300	
0.995219	8.000085	20.003615	0.105056	8.000120	19.999962	
0.995601	8.000085	20.003615	0.105056	7.999998	20.000016	
0.995983	8.000085	20.003615	0.105056	7.999843	20.000070	
0.996453	8.000085	20.003615	0.105056	7.999847	19.999828	
0.996923	8.000085	20.003615	0.105056	8.000035	20.000234	
0.997393	8.000085	20.003615	0.105056	8.000003	19.999944	
0.997863	8.000085	20.003615	0.105056	7.999971	20.000017	
0.998305	8.000085	20.003615	0.105056	7.999948	19.999910	
0.998746	8.000085	20.003615	0.105056	8.000028	20.000010	
0.999188	8.000085	20.003615	0.105056	7.999930	19.999948	
0.999629	8.000085	20.003615	0.105056	8.000091	19.999970	
0.999677	8.000085	20.003615	0.105056	7.999867	19.999914	
0.999725	8.000085	20.003615	0.105056	7.999935	20.000064	
0.999773	8.000085	20.003615	0.105056	8.000052	20.000090	
0.999821	8.000085	20.003615	0.105056	8.000101	19.999937	
0.999826	8.000085	20.003615	0.105056	8.000137	20.000006	
0.999831	8.000085	20.003615	0.105056	8.000114	19.999787	
0.999836	8.000085	20.003615	0.105056	8.000148	20.000052	
0.999840	8.000085	20.003615	0.105056	7.999998	19.999883	
0.999845	8.000085	20.003615	0.105056	7.999803	20.000214	
0.999850	8.000085	20.003615	0.105056	8.000098	20.000014	
0.999855	8.000085	20.003615	0.105056	8.000064	20.000078	
0.999860	8.000085	20.003615	0.105056	8.000063	20.000139	
0.999882	8.000085	20.003615	0.105056	7.999994	20.000140	
0.999905	8.000085	20.003615	0.105056	7.999986	19.999956	
0.999927	8.000085	20.003615	0.105056	7.999971	20.000054	
0.999950	8.000085	20.003615	0.105056	8.000096	20.000075	
1.000034	8.000085	20.003615	0.105056	8.000060	19.999842	
1.000119	8.000085	20.003615	0.105056	8.000166	20.000016	
1.000203	8.000085	20.003615	0.105056	7.999869	19.999967	
1.000287	8.000085	20.003615	0.105056	7.999883	19.999899	
1.000413	8.000085	20.003615	0.105056	7.999730	19.999991	
1.000538	8.000085	20.003615	0.105056	7.999961	20.000048	
1.000664	8.000085	20.003615	0.105056	8.000117	19.999910	
1.000789	8.000085	20.003615	0.105056	7.999950	20.000038	
1.000969	8.000085	20.003615	0.105056	8.000022	19.999882	
1.001148	8.000085	20.003615	0.105056	7.999743	20.000118	
1.001328	8.000085	20.003615	0.105056	7.999963	19.999804	
1.001507	8.000085	20.003615	0.105056	7.999948	19.999992	
1.001985	8.000085	20.003615	0.105056	8.000000	19.999980	
1.002463	8.000085	20.003615	0.105056	8.000251	19.999845	
1.002940	8.000085	20.003614	0.105056	7.999854	20.000032	
1.003418	8.000085	20.003614	0.105056	7.999852	19.999986	
1.004256	8.000085	20.003614	0.105056	8.000020	19.999947	
1.005094	8.000085	20.003613	0.105056	7.999957	20.000244	
1.005933	8.000085	20.003612	0.105056	8.000079	19.999914	
1.006771	8.000085	20.003611	0.105056	8.000024	19.999993	
1.008207	8.000085	20.003608	0.105056	8.000012	20.000105	
1.009643	8.000085	20.003606	0.105056	8.000128	20.000038	
1.011078	8.000085	20.003602	0.105056	7.999972	19.999890	
1.012514	8.000085	20.003599	0.105055	7.999958	20.000005	
1.014672	8.000085	20.003592	0.105055	8.000003	19.999893	
1.016830	8.000085	20.003585	0.105055	7.999986	19.999967	
1.018988	8.000085	20.003576	0.105054	8.000081	20.000063	
1.021146	8.000085	20.003566	0.105054	7.999989	20.000082	
1.024685	8.000085	20.003548	0.105053	8.000173	19.999937	
1.028224	8.000085	20.003527	0.105053	7.999882	19.999847	
1.031762	8.000085	20.003503	0.105052	8.000073	19.999926	
1.035301	8.000085	20.003476	0.105051	7.999812	19.999866	
1.037693	8.000085	20.003457	0.105050	8.000037	19.999804	
1.040084	8.000085	20.003436	0.105049	8.000040	19.999811	
1.042476	8.000085	20.003414	0.105048	8.000259	19.999950	
1.044867	8.000085	20.003390	0.105048	7.999962	19.999695	
1.045804	8.000085	20.003380	0.105047	7.999983	19.999623	
1.046740	8.000085	20.003371	0.105047	8.000023	19.999656	
1.047677	8.000085	20.003361	0.105046	7.999962	19.999925	
1.048614	8.000085	20.003351	0.105046	7.999889	19.999778	
1.049152	8.000085	20.003345	0.105046	8.000065	19.999776	
1.049691	8.000085	20.003339	0.105046	7.999945	19.999771	
1.050230	8.000085	20.003333	0.105045	8.000132	19.999748	
1.050769	8.000085	20.003326	0.105045	7.999921	19.999846	
1.051308	8.000085	20.003320	0.105045	8.000060	19.999795	
1.051846	8.000085	20.003314	0.105045	7.999987	19.999747	
1.052385	8.000085	20.003308	0.105045	8.000017	19.999588	
1.052924	8.000085	20.003306	0.105044	7.999844	19.999729	
1.053436	8.000085	20.003308	0.105044	7.999884	19.999718	
1.053949	8.000085	20.003317	0.105044	8.000024	19.999679	
1.054461	8.000085	20.003336	0.105043	7.999915	19.999767	
1.054974	8.000085	20.003366	0.105042	8.000000	19.999784	
1.056465	8.000085	20.003539	0.105040	7.999958	19.999852	
1.057955	8.000085	20.003885	0.105036	8.000030	20.000285	
1.059446	8.000085	20.004455	0.105029	8.000044	20.000882	
1.060937	8.000085	20.005289	0.105020	8.000090	20.001636	
1.062222	8.000085	20.006233	0.105009	8.000100	20.002686	
1.063507	8.000085	20.007387	0.104997	8.000075	20.003893	
1.064792	8.000084	20.008755	0.104982	8.000027	20.005246	
1.066077	8.000083	20.010340	0.104965	7.999971	20.006706	
1.071390	8.000071	20.019299	0.104870	7.999953	20.015731	
1.076702	8.000035	20.032347	0.104730	7.999806	20.028877	
1.082014	7.999953	20.049768	0.104540	7.999802	20.046297	
1.087327	7.999794	20.071841	0.104294	7.999740	20.068475	
1.101066	7.998682	20.152377	0.103352	7.998568	20.149552	
1.114806	7.995560	20.270214	0.101922	7.995375	20.267904	
1.128545	7.988533	20.429155	0.100146	7.988276	20.427632	
1.142285	7.974836	20.632249	0.098660	7.974671	20.631984	
1.162468	7.934571	21.015021	0.099555	7.934434	21.017000	
1.182652	7.856230	21.500160	0.104831	7.856223	21.503940	
1.202835	7.721103	22.083134	0.105628	7.721304	22.086847	
1.223019	7.509547	22.749676	0.098927	7.509638	22.750254	
1.239920	7.260833	23.353406	0.101904	7.260985	23.350939	
1.256821	6.939624	23.976049	0.106334	6.939625	23.972443	
1.273723	6.544072	24.595263	0.099787	6.544155	24.594114	
1.290624	6.078128	25.191805	0.101755	6.078121	25.194417	
1.307525	5.552301	25.749157	0.106112	5.552297	25.752745	
1.324427	4.982698	26.251817	0.099237	4.982896	26.252964	
1.341328	4.388565	26.686286	0.102312	4.388606	26.683811	
1.358229	3.790747	27.044383	0.106241	3.790577	27.041052	
1.370903	3.352774	27.262463	0.101925	3.352869	27.259777	
1.383577	2.931924	27.440656	0.098533	2.932083	27.440624	
1.396250	2.534311	27.583517	0.100762	2.534546	27.585721	
1.408924	2.165404	27.695817	0.104959	2.165544	27.699409	
1.421598	1.829646	27.782220	0.106603	1.829769	27.786642	
1.434272	1.527910	27.847583	0.105063	1.528089	27.851750	
1.446945	1.260112	27.896080	0.102107	1.260416	27.899483	
1.459619	1.026720	27.931099	0.099624	1.027010	27.933247	
1.470354	0.855763	27.952456	0.098562	0.855851	27.953712	
1.481089	0.707003	27.968063	0.098420	0.707151	27.968402	
1.491823	0.578533	27.979294	0.098919	0.578753	27.978692	
1.502558	0.469087	27.987204	0.099746	0.469077	27.986044	
1.511610	0.390599	27.991931	0.100520	0.390692	27.990289	
1.520661	0.323120	27.995359	0.101270	0.323192	27.993407	
1.529712	0.265419	27.997822	0.101952	0.265411	27.995708	
1.538764	0.216564	27.999568	0.102544	0.216480	27.996983	
1.543712	0.193284	28.000290	0.102828	0.193374	27.997826	
1.548660	0.172165	28.000884	0.103084	0.172270	27.998194	
1.553608	0.153050	28.001370	0.103315	0.153083	27.998654	
1.558556	0.135789	28.001769	0.103521	0.135710	27.998884	
1.561156	0.127395	28.001948	0.103621	0.127535	27.998904	
1.563756	0.119464	28.002110	0.103715	0.119369	27.999161	
1.566356	0.112145	28.002248	0.103799	0.112172	27.999248	
1.568956	0.105714	28.002356	0.103867	0.105713	27.999329	
1.571556	0.100513	28.002426	0.103911	0.100562	27.999325	
1.574157	0.096824	28.002448	0.103923	0.096957	27.999388	
1.576757	0.094912	28.002414	0.103898	0.095006	27.999363	
1.579357	0.095021	28.002311	0.103831	0.095206	27.999294	
1.583020	0.099027	28.002008	0.103662	0.099055	27.999109	
1.586683	0.108006	28.001440	0.103413	0.108076	27.998605	
1.590346	0.122405	28.000477	0.103107	0.122432	27.998014	
1.594009	0.142619	27.998935	0.102794	0.142590	27.996649	
1.599041	0.180471	27.995400	0.102515	0.180616	27.993713	
1.604074	0.230507	27.989442	0.102714	0.230538	27.988215	
1.609107	0.293140	27.979964	0.103747	0.293040	27.979512	
1.614140	0.368654	27.965617	0.105729	0.368667	27.965860	
1.620743	0.487405	27.936717	0.108805	0.487268	27.937737	
1.627347	0.628057	27.892495	0.109602	0.627847	27.893738	
1.633950	0.789636	27.827975	0.106056	0.789366	27.828169	
1.640554	0.970569	27.737167	0.102537	0.970324	27.735996	
1.647080	1.166116	27.614699	0.106032	1.166051	27.611728	
1.653606	1.375231	27.452327	0.109684	1.375102	27.448636	
1.660132	1.594076	27.243324	0.104451	1.593913	27.240661	
1.666658	1.817955	26.982960	0.104217	1.817765	26.982315	
1.670188	1.939498	26.819381	0.108210	1.939125	26.819573	
1.673719	2.059326	26.640584	0.109552	2.059157	26.641051	
1.677249	2.174859	26.449205	0.106381	2.174557	26.449217	
1.680780	2.283735	26.248573	0.102810	2.283424	26.247553	
1.684310	2.384112	26.042357	0.103688	2.383921	26.040211	
1.687841	2.475180	25.833425	0.107620	2.474902	25.830512	
1.691371	2.556612	25.624570	0.109650	2.556463	25.621411	
1.694902	2.628406	25.418662	0.107811	2.628217	25.415895	
1.699119	2.701993	25.180250	0.103749	2.701808	25.178075	
1.703337	2.763454	24.952906	0.102678	2.763160	24.951745	
1.707555	2.814115	24.738930	0.105308	2.813974	24.738603	
1.711773	2.855273	24.540260	0.108460	2.854906	24.540188	
1.716061	2.888740	24.355178	0.109635	2.888654	24.355470	
1.720348	2.915220	24.186835	0.108529	2.914979	24.187092	
1.724636	2.935971	24.034733	0.106264	2.935864	24.034543	
1.728924	2.952049	23.898432	0.104114	2.951953	23.897780	
1.733276	2.964527	23.775572	0.102816	2.964392	23.774654	
1.737628	2.973983	23.666951	0.102542	2.973884	23.665552	
1.741980	2.981095	23.571324	0.103048	2.981041	23.569411	
1.746332	2.986391	23.487673	0.103981	2.986328	23.485477	
1.750711	2.990315	23.414577	0.105051	2.990303	23.412049	
1.755090	2.993185	23.351274	0.106070	2.992878	23.348956	
1.759469	2.995271	23.296632	0.106948	2.995084	23.293961	
1.763848	2.996772	23.249724	0.107658	2.996960	23.246876	
1.768139	2.997824	23.210441	0.108196	2.997854	23.207434	
1.772429	2.998574	23.176871	0.108603	2.998353	23.174134	
1.776720	2.999107	23.148261	0.108904	2.999090	23.145264	
1.781011	2.999480	23.123991	0.109122	2.999523	23.120902	
1.785431	2.999746	23.102941	0.109282	2.999596	23.099960	
1.789852	2.999928	23.085298	0.109394	2.999898	23.082244	
1.794273	3.000050	23.070548	0.109471	2.999847	23.067381	
1.798693	3.000131	23.058275	0.109525	3.000026	23.055163	
1.803124	3.000184	23.048092	0.109561	3.000234	23.045109	
1.807554	3.000218	23.039679	0.109585	3.000253	23.036602	
1.811985	3.000238	23.032747	0.109602	3.000123	23.029832	
1.816416	3.000250	23.027058	0.109612	3.000111	23.024063	
1.820292	3.000255	23.022942	0.109619	3.000012	23.019972	
1.824168	3.000258	23.019499	0.109623	3.000133	23.016708	
1.828044	3.000258	23.016624	0.109626	3.000157	23.013681	
1.831920	3.000257	23.014232	0.109629	3.000023	23.011356	
1.836623	3.000254	23.011868	0.109630	3.000162	23.008886	
1.841325	3.000251	23.009987	0.109631	3.000132	23.006987	
1.846027	3.000247	23.008496	0.109632	3.000236	23.005452	
1.850730	3.000243	23.007319	0.109632	3.000258	23.004279	
1.854924	3.000239	23.006482	0.109633	3.000155	23.003599	
1.859119	3.000235	23.005808	0.109633	3.000034	23.002729	
1.863314	3.000232	23.005267	0.109633	3.000304	23.002351	
1.867509	3.000228	23.004833	0.109633	3.000134	23.001853	
1.870910	3.000225	23.004546	0.109633	3.000252	23.001526	
1.874311	3.000222	23.004307	0.109633	3.000264	23.001440	
1.877712	3.000220	23.004108	0.109633	2.999984	23.001067	
1.881113	3.000217	23.003943	0.109633	3.000113	23.000726	
1.885580	3.000214	23.003768	0.109633	3.000097	23.000450	
1.890047	3.000210	23.003632	0.109633	2.999999	23.000684	
1.894514	3.000207	23.003526	0.109633	3.000029	23.000490	
1.898982	3.000204	23.003444	0.109633	3.000168	23.000435	
1.902801	3.000201	23.003388	0.109633	3.000328	23.000461	
1.906620	3.000198	23.003343	0.109633	3.000184	23.000244	
1.910440	3.000196	23.003307	0.109633	3.000075	23.000358	
1.914259	3.000193	23.003278	0.109633	3.000197	23.000506	
1.918551	3.000191	23.003252	0.109633	3.000128	23.000303	
1.922844	3.000188	23.003231	0.109633	3.000103	23.000253	
1.927136	3.000185	23.003215	0.109633	3.000111	23.000043	
1.931429	3.000183	23.003203	0.109633	3.000101	23.000284	
1.934957	3.000181	23.003194	0.109633	3.000212	23.000219	
1.938486	3.000179	23.003187	0.109633	3.000094	23.000110	
1.942014	3.000177	23.003181	0.109633	3.000056	23.000082	
1.945542	3.000175	23.003175	0.109633	3.000133	22.999970	
1.949034	3.000173	23.003171	0.109633	2.999861	23.000141	
1.952526	3.000171	23.003167	0.109633	3.000033	23.000082	
1.956017	3.000170	23.003164	0.109633	2.999927	23.000271	
1.959509	3.000168	23.003161	0.109633	3.000077	23.000274	
1.962985	3.000166	23.003158	0.109633	3.000002	23.000222	
1.966460	3.000165	23.003156	0.109633	3.000043	23.000107	
1.969936	3.000163	23.003154	0.109633	3.000068	23.000040	
1.973412	3.000161	23.003152	0.109633	3.000157	23.000176	
1.976263	3.000160	23.003150	0.109633	3.000242	23.000007	
1.979115	3.000159	23.003149	0.109633	3.000012	22.999923	
1.981966	3.000158	23.003147	0.109633	2.999986	23.000113	
1.984818	3.000156	23.003146	0.109633	2.999935	23.000141	
1.988136	3.000155	23.003144	0.109633	3.000253	23.000191	
1.991454	3.000154	23.003143	0.109633	2.999931	23.000152	
1.994772	3.000152	23.003141	0.109633	2.999965	23.000146	
1.998090	3.000151	23.003140	0.109633	3.000148	23.000085	
2.001011	3.000150	23.003139	0.109633	3.000132	23.000057	
2.003933	3.000149	23.003138	0.109633	3.000106	22.999989	
2.006854	3.000148	23.003137	0.109633	3.000105	23.000119	
2.009775	3.000147	23.003135	0.109633	3.000137	23.000099	
2.013116	3.000145	23.003134	0.109633	3.000106	23.000212	
2.016458	3.000144	23.003133	0.109633	3.000247	23.000127	
2.019799	3.000143	23.003132	0.109633	2.999899	23.000348	
2.023140	3.000142	23.003131	0.109633	3.000006	23.000010	
2.026637	3.000141	23.003130	0.109633	3.000179	23.000174	
2.030134	3.000139	23.003128	0.109633	2.999982	23.000113	
2.033631	3.000138	23.003127	0.109633	2.999925	23.000172	
2.037129	3.000137	23.003126	0.109633	3.000127	23.000064	
2.041090	3.000136	23.003125	0.109633	3.000203	22.999992	
2.045051	3.000135	23.003124	0.109633	3.000166	23.000088	
2.049012	3.000133	23.003123	0.109633	3.000192	22.999982	
2.052973	3.000132	23.003122	0.109633	3.000086	22.999833	
2.056004	3.000131	23.003121	0.109633	3.000040	22.999939	
2.059036	3.000130	23.003120	0.109633	3.000083	23.000109	
2.062067	3.000130	23.003119	0.109633	3.000241	23.000095	
2.065098	3.000129	23.003118	0.109633	3.000047	22.999923	
2.068130	3.000128	23.003117	0.109633	3.000090	23.000245	
2.071161	3.000127	23.003117	0.109633	3.000179	22.999995	
2.074192	3.000126	23.003116	0.109633	2.999972	22.999986	
2.077224	3.000125	23.003115	0.109633	3.000225	23.000146	
2.079907	3.000125	23.003114	0.109633	3.000031	23.000004	
2.082591	3.000124	23.003114	0.109633	3.000005	23.000130	
2.085275	3.000123	23.003113	0.109633	2.999869	23.000052	
2.087959	3.000123	23.003112	0.109633	2.999836	22.999921	
2.090539	3.000122	23.003112	0.109633	3.000181	23.000000	
2.093119	3.000122	23.003111	0.109633	3.000158	23.000035	
2.095700	3.000121	23.003110	0.109633	3.000004	23.000109	
2.098280	3.000120	23.003110	0.109633	3.000124	23.000008	
2.100642	3.000120	23.003109	0.109633	2.999996	23.000183	
2.103004	3.000119	23.003109	0.109633	3.000051	23.000050	
2.105367	3.000119	23.003108	0.109633	3.000001	23.000208	
2.107729	3.000118	23.003108	0.109633	2.999990	23.000047	
2.110200	3.000118	23.003107	0.109633	3.000062	22.999942	
2.112670	3.000117	23.003107	0.109633	2.999992	23.000131	
2.115141	3.000116	23.003106	0.109633	2.999986	23.000267	
2.117612	3.000116	23.003106	0.109633	2.999847	22.999979	
2.120066	3.000115	23.003105	0.109633	2.999871	22.999982	
2.122521	3.000115	23.003105	0.109633	3.000126	23.000004	
2.124976	3.000114	23.003104	0.109633	2.999904	23.000123	
2.127431	3.000114	23.003104	0.109633	3.000003	22.999955	
2.129728	3.000113	23.003103	0.109633	2.999978	23.000180	
2.132025	3.000113	23.003103	0.109633	3.000188	23.000060	
2.134322	3.000113	23.003102	0.109633	3.000149	22.999791	
2.136618	3.000112	23.003102	0.109633	3.000212	22.999987	
2.139214	3.000112	23.003101	0.109633	3.000231	23.000002	
2.141810	3.000111	23.003101	0.109633	2.999994	22.999990	
2.144406	3.000111	23.003100	0.109633	3.000201	23.000007	
2.147002	3.000110	23.003100	0.109633	2.999942	23.000078	
2.149282	3.000110	23.003100	0.109633	3.000036	23.000158	
2.151561	3.000109	23.003099	0.109633	3.000126	22.999940	
2.153841	3.000109	23.003099	0.109633	3.000009	23.000091	
2.156120	3.000108	23.003098	0.109633	3.000230	22.999960	
2.158576	3.000108	23.003098	0.109633	3.000118	22.999974	
2.161032	3.000108	23.003097	0.109633	3.000080	23.000192	
2.163488	3.000107	23.003097	0.109633	3.000301	23.000183	
2.165944	3.000107	23.003097	0.109633	3.000000	23.000138	
2.168647	3.000106	23.003096	0.109633	2.999908	23.000058	
2.171350	3.000106	23.003096	0.109633	2.999891	23.000086	
2.174054	3.000105	23.003095	0.109633	3.000119	23.000130	
2.176757	3.000105	23.003095	0.109633	3.000057	22.999936	
2.179525	3.000104	23.003094	0.109633	2.999969	22.999964	
2.182294	3.000104	23.003094	0.109633	3.000033	22.999874	
2.185062	3.000104	23.003094	0.109633	3.000108	22.999992	
2.187831	3.000103	23.003093	0.109633	3.000026	22.999997	
2.190285	3.000103	23.003093	0.109633	3.000330	22.999858	
2.192739	3.000102	23.003092	0.109633	3.000044	23.000218	
2.195192	3.000102	23.003092	0.109633	2.999876	23.000083	
2.197646	3.000102	23.003092	0.109633	3.000267	23.000168	
2.200292	3.000101	23.003091	0.109633	3.000064	22.999915	
2.202938	3.000101	23.003091	0.109633	3.000132	23.000228	
2.205584	3.000101	23.003091	0.109633	3.000041	22.999986	
2.208229	3.000100	23.003090	0.109633	3.000000	23.000200	
2.210861	3.000100	23.003090	0.109633	2.999938	23.000001	
2.213492	3.000099	23.003089	0.109633	3.000059	23.000105	
2.216123	3.000099	23.003089	0.109633	3.000148	23.000045	
2.218754	3.000099	23.003089	0.109633	2.999857	23.000123	
2.221261	3.000098	23.003088	0.109633	2.999939	22.999947	
2.223769	3.000098	23.003088	0.109633	3.000173	23.000187	
2.226277	3.000098	23.003088	0.109633	2.999949	23.000048	
2.228785	3.000097	23.003087	0.109633	2.999901	23.000069	
2.230969	3.000097	23.003087	0.109633	3.000138	23.000007	
2.233154	3.000097	23.003087	0.109633	2.999970	23.000003	
2.235338	3.000096	23.003087	0.109633	3.000233	22.999904	
2.237522	3.000096	23.003086	0.109633	3.000010	23.000093	
2.239889	3.000096	23.003086	0.109633	3.000011	22.999940	
2.242257	3.000096	23.003086	0.109633	2.999861	23.000084	
2.244624	3.000095	23.003086	0.109633	3.000088	22.999959	
2.246991	3.000095	23.003085	0.109633	3.000011	23.000053	
2.248915	3.000095	23.003085	0.109633	3.000089	23.000105	
2.250840	3.000095	23.003085	0.109633	3.000024	23.000106	
2.252764	3.000094	23.003085	0.109633	3.000009	23.000168	
2.254688	3.000094	23.003084	0.109633	3.000019	22.999992	
2.256889	3.000094	23.003084	0.109633	3.000112	23.000128	
2.259089	3.000094	23.003084	0.109633	3.000072	23.000247	
2.261289	3.000093	23.003084	0.109633	3.000102	22.999893	
2.263490	3.000093	23.003083	0.109633	3.000010	23.000054	
2.265650	3.000093	23.003083	0.109633	2.999992	22.999989	
2.267811	3.000093	23.003083	0.109633	2.999987	22.999955	
2.269972	3.000092	23.003083	0.109633	3.000008	23.000000	
2.272133	3.000092	23.003082	0.109633	2.999929	23.000059	
2.274343	3.000092	23.003082	0.109633	3.000090	22.999982	
2.276552	3.000092	23.003082	0.109633	3.000010	23.000007	
2.278762	3.000091	23.003082	0.109633	3.000099	23.000017	
2.280972	3.000091	23.003082	0.109633	3.000051	23.000076	
2.284071	3.000091	23.003081	0.109633	2.999949	22.999871	
2.287169	3.000091	23.003081	0.109633	3.000190	22.999968	
2.290268	3.000090	23.003081	0.109633	3.000110	23.000029	
2.293367	3.000090	23.003080	0.109633	3.000153	23.000079	
2.296193	3.000090	23.003080	0.109633	3.000072	23.000001	
2.299019	3.000089	23.003080	0.109633	3.000163	22.999941	
2.301845	3.000089	23.003080	0.109633	3.000181	23.000060	
2.304671	3.000089	23.003079	0.109633	3.000185	23.000131	
2.306835	3.000089	23.003079	0.109633	3.000122	23.000040	
2.308999	3.000088	23.003079	0.109633	2.999842	23.000260	
2.311163	3.000088	23.003079	0.109633	3.000119	23.000052	
2.313327	3.000088	23.003078	0.109633	3.000043	23.000146	
2.315491	3.000088	23.003078	0.109633	2.999971	22.999909	
2.317655	3.000088	23.003078	0.109633	2.999894	23.000103	
2.319819	3.000087	23.003078	0.109633	3.000042	23.000011	
2.321983	3.000087	23.003078	0.109633	2.999902	23.000015	
2.323859	3.000087	23.003078	0.109633	3.000075	22.999889	
2.325736	3.000087	23.003077	0.109633	2.999930	22.999964	
2.327613	3.000087	23.003077	0.109633	3.000275	23.000060	
2.329489	3.000087	23.003077	0.109633	3.000074	22.999994	
2.331706	3.000086	23.003077	0.109633	3.000235	23.000010	
2.333924	3.000086	23.003077	0.109633	2.999894	23.000117	
2.336141	3.000086	23.003076	0.109633	2.999988	23.000093	
2.338358	3.000086	23.003076	0.109633	2.999942	23.000018	
2.340589	3.000086	23.003076	0.109633	3.000086	23.000040	
2.342819	3.000085	23.003076	0.109633	3.000060	22.999949	
2.345049	3.000085	23.003076	0.109633	2.999986	23.000167	
2.347280	3.000085	23.003076	0.109633	3.000094	23.000039	
2.349317	3.000085	23.003075	0.109633	2.999959	22.999890	
2.351355	3.000085	23.003075	0.109633	3.000170	22.999953	
2.353393	3.000085	23.003075	0.109633	2.999876	22.999865	
2.355431	3.000084	23.003075	0.109633	2.999981	23.000053	
2.357667	3.000084	23.003075	0.109633	3.000082	23.000020	
2.359904	3.000084	23.003075	0.109633	3.000082	23.000097	
2.362141	3.000084	23.003074	0.109633	3.000009	23.000050	
2.364378	3.000084	23.003074	0.109633	2.999966	22.999795	
2.366417	3.000084	23.003074	0.109633	3.000131	22.999788	
2.368455	3.000083	23.003074	0.109633	3.000149	23.000077	
2.370493	3.000083	23.003074	0.109633	3.000091	23.000086	
2.372531	3.000083	23.003074	0.109633	3.000043	23.000065	
2.374352	3.000083	23.003074	0.109633	2.999970	23.000015	
2.376174	3.000083	23.003073	0.109633	3.000045	23.000121	
2.377995	3.000083	23.003073	0.109633	3.000023	23.000092	
2.379816	3.000083	23.003073	0.109633	2.999940	23.000040	
2.381519	3.000082	23.003073	0.109633	3.000228	23.000125	
2.383222	3.000082	23.003073	0.109633	3.000082	23.000043	
2.384924	3.000082	23.003073	0.109633	3.000023	23.000035	
2.386627	3.000082	23.003073	0.109633	3.000028	23.000005	
2.388512	3.000082	23.003073	0.109633	2.999916	22.999927	
2.390398	3.000082	23.003072	0.109633	2.999950	22.999959	
2.392283	3.000082	23.003072	0.109633	3.000107	23.000067	
2.394168	3.000082	23.003072	0.109633	3.000073	23.000002	
2.395993	3.000081	23.003072	0.109633	3.000033	23.000010	
2.397817	3.000081	23.003072	0.109633	3.000109	23.000120	
2.399642	3.000081	23.003072	0.109633	3.000166	23.000087	
2.401466	3.000081	23.003072	0.109633	2.999833	23.000095	
2.403294	3.000081	23.003072	0.109633	3.000037	23.000076	
2.405121	3.000081	23.003072	0.109633	3.000038	22.999968	
2.406949	3.000081	23.003071	0.109633	3.000119	22.999855	
2.408776	3.000081	23.003071	0.109633	2.999842	23.000101	
2.410604	3.000081	23.003071	0.109633	2.999910	23.000027	
2.412431	3.000080	23.003071	0.109633	2.999985	22.999910	
2.414259	3.000080	23.003071	0.109633	2.999985	23.000157	
2.416086	3.000080	23.003071	0.109633	2.999973	23.000016	
2.418009	3.000080	23.003071	0.109633	3.000140	23.000003	
2.419932	3.000080	23.003071	0.109633	2.999866	23.000252	
2.421856	3.000080	23.003070	0.109633	3.000014	23.000160	
2.423779	3.000080	23.003070	0.109633	3.000037	22.999899	
2.425538	3.000080	23.003070	0.109633	3.000054	23.000137	
2.427298	3.000080	23.003070	0.109633	3.000179	22.999971	
2.429057	3.000079	23.003070	0.109633	3.000114	22.999921	
2.430816	3.000079	23.003070	0.109633	2.999976	22.999833	
2.432552	3.000079	23.003070	0.109633	3.000017	23.000197	
2.434287	3.000079	23.003070	0.109633	3.000074	22.999955	
2.436022	3.000079	23.003070	0.109633	3.000112	23.000026	
2.437758	3.000079	23.003070	0.109633	3.000016	23.000075	
2.439649	3.000079	23.003069	0.109633	2.999935	23.000053	
2.441540	3.000079	23.003069	0.109633	2.999848	23.000023	
2.443431	3.000079	23.003069	0.109633	3.000034	22.999957	
2.445323	3.000078	23.003069	0.109633	2.999945	23.000023	
2.447053	3.000078	23.003069	0.109633	3.000138	23.000019	
2.448783	3.000078	23.003069	0.109633	3.000029	23.000238	
2.450513	3.000078	23.003069	0.109633	3.000006	22.999919	
2.452243	3.000078	23.003069	0.109633	3.000201	23.000093	
2.453833	3.000078	23.003069	0.109633	2.999973	22.999997	
2.455424	3.000078	23.003069	0.109633	3.000089	23.000066	
2.457015	3.000078	23.003069	0.109633	3.000180	22.999941	
2.458605	3.000078	23.003068	0.109633	2.999967	23.000142	
2.460940	3.000078	23.003068	0.109633	3.000131	23.000075	
2.463276	3.000077	23.003068	0.109633	3.000023	22.999973	
2.465611	3.000077	23.003068	0.109633	3.000064	23.000137	
2.467946	3.000077	23.003068	0.109633	3.000026	22.999749	
2.470142	3.000077	23.003068	0.109633	3.000032	22.999905	
2.472338	3.000077	23.003068	0.109633	3.000028	23.000145	
2.474534	3.000077	23.003068	0.109633	3.000037	22.999740	
2.476731	3.000077	23.003068	0.109633	2.999920	23.000016	
2.478796	3.000077	23.003067	0.109633	2.999963	23.000073	
2.480862	3.000077	23.003067	0.109633	2.999994	22.999894	
2.482928	3.000076	23.003067	0.109633	2.999873	23.000024	
2.484994	3.000076	23.003067	0.109633	2.999963	22.999841	
2.486881	3.000076	23.003067	0.109633	2.999942	23.000085	
2.488768	3.000076	23.003067	0.109633	2.999950	23.000009	
2.490656	3.000076	23.003067	0.109633	2.999861	23.000050	
2.492543	3.000076	23.003067	0.109633	2.999957	23.000186	
2.494600	3.000076	23.003067	0.109633	2.999953	22.999961	
2.496657	3.000076	23.003067	0.109633	2.999992	23.000070	
2.498713	3.000076	23.003067	0.109633	3.000088	23.000042	
2.500770	3.000076	23.003066	0.109633	3.000070	23.000069	
2.502598	3.000076	23.003066	0.109633	3.000134	23.000123	
2.504425	3.000075	23.003066	0.109633	2.999917	22.999980	
2.506253	3.000075	23.003066	0.109633	3.000097	23.000059	
2.508080	3.000075	23.003066	0.109633	2.999868	23.000048	
2.509854	3.000075	23.003066	0.109633	3.000004	22.999976	
2.511628	3.000075	23.003066	0.109633	2.999969	23.000034	
2.513402	3.000075	23.003066	0.109633	3.000060	23.000117	
2.515176	3.000075	23.003066	0.109633	2.999880	23.000112	
2.516734	3.000075	23.003066	0.109633	2.999842	23.000003	
2.518292	3.000075	23.003066	0.109633	2.999943	22.999896	
2.519850	3.000075	23.003066	0.109633	2.999904	23.000142	
2.521408	3.000075	23.003066	0.109633	2.999984	23.000115	
2.523418	3.000075	23.003065	0.109633	3.000127	23.000095	
2.525427	3.000075	23.003065	0.109633	2.999921	23.000046	
2.527437	3.000074	23.003065	0.109633	2.999872	23.000129	
2.529447	3.000074	23.003065	0.109633	2.999886	22.999898	
2.531126	3.000074	23.003065	0.109633	3.000080	22.999905	
2.532805	3.000074	23.003065	0.109633	3.000040	23.000073	
2.534484	3.000074	23.003065	0.109633	3.000032	23.000099	
2.536163	3.000074	23.003065	0.109633	3.000114	23.000091	
2.538008	3.000074	23.003065	0.109633	2.999999	22.999841	
2.539853	3.000074	23.003065	0.109633	3.000011	22.999964	
2.541699	3.000074	23.003065	0.109633	2.999983	23.000075	
2.543544	3.000074	23.003065	0.109633	3.000063	22.999906	
2.545154	3.000074	23.003065	0.109633	2.999940	23.000067	
2.546765	3.000074	23.003064	0.109633	3.000032	22.999927	
2.548375	3.000074	23.003064	0.109633	2.999983	23.000000	
2.549986	3.000074	23.003064	0.109633	2.999995	23.000092	
2.551665	3.000073	23.003064	0.109633	3.000072	22.999897	
2.553345	3.000073	23.003064	0.109633	2.999997	22.999948	
2.555024	3.000073	23.003064	0.109633	3.000006	23.000106	
2.556703	3.000073	23.003064	0.109633	3.000008	23.000124	
2.558406	3.000073	23.003064	0.109633	3.000074	22.999885	
2.560108	3.000073	23.003064	0.109633	2.999913	22.999930	
2.561810	3.000073	23.003064	0.109633	3.000039	22.999997	
2.563512	3.000073	23.003064	0.109633	3.000080	23.000029	
2.564988	3.000073	23.003064	0.109633	2.999964	22.999807	
2.566463	3.000073	23.003064	0.109633	2.999977	23.000006	
2.567938	3.000073	23.003064	0.109633	3.000064	22.999806	
2.569413	3.000073	23.003064	0.109633	2.999919	23.000058	
2.570859	3.000073	23.003064	0.109633	3.000115	23.000160	
2.572304	3.000073	23.003064	0.109633	3.000044	23.000111	
2.573749	3.000073	23.003063	0.109633	3.000221	23.000070	
2.575195	3.000073	23.003063	0.109633	3.000085	23.000207	
2.577262	3.000072	23.003063	0.109633	2.999972	22.999945	
2.579329	3.000072	23.003063	0.109633	2.999989	23.000005	
2.581395	3.000072	23.003063	0.109633	2.999989	22.999929	
2.583462	3.000072	23.003063	0.109633	3.000162	23.000162	
2.585026	3.000072	23.003063	0.109633	2.999885	22.999952	
2.586589	3.000072	23.003063	0.109633	3.000013	23.000061	
2.588152	3.000072	23.003063	0.109633	3.000056	22.999862	
2.589716	3.000072	23.003063	0.109633	2.999899	22.999903	
2.591279	3.000072	23.003063	0.109633	2.999829	23.000029	
2.592842	3.000072	23.003063	0.109633	2.999959	22.999948	
2.594406	3.000072	23.003063	0.109633	3.000150	22.999950	
2.595969	3.000072	23.003063	0.109633	2.999952	23.000168	
2.597665	3.000072	23.003063	0.109633	3.000082	23.000202	
2.599362	3.000072	23.003063	0.109633	2.999986	22.999998	
2.601058	3.000072	23.003063	0.109633	3.000013	23.000028	
2.602754	3.000072	23.003063	0.109633	3.000141	23.000015	
2.604323	3.000072	23.003062	0.109633	3.000043	22.999965	
2.605892	3.000071	23.003062	0.109633	2.999983	22.999786	
2.607461	3.000071	23.003062	0.109633	2.999959	22.999985	
2.609030	3.000071	23.003062	0.109633	3.000016	23.000146	
2.610599	3.000071	23.003062	0.109633	2.999971	23.000170	
2.612168	3.000071	23.003062	0.109633	3.000030	23.000041	
2.613737	3.000071	23.003062	0.109633	2.999857	22.999921	
2.615306	3.000071	23.003062	0.109633	3.000036	23.000146	
2.616767	3.000071	23.003062	0.109633	3.000022	23.000101	
2.618228	3.000071	23.003062	0.109633	3.000028	23.000071	
2.619689	3.000071	23.003062	0.109633	3.000063	23.000124	
2.621151	3.000071	23.003062	0.109633	2.999962	22.999859	
2.622612	3.000071	23.003062	0.109633	2.999955	23.000110	
2.624073	3.000071	23.003062	0.109633	2.999929	23.000131	
2.625534	3.000071	23.003062	0.109633	2.999961	22.999877	
2.626996	3.000071	23.003062	0.109633	3.000101	23.000018	
2.628569	3.000071	23.003062	0.109633	3.000102	22.999844	
2.630143	3.000071	23.003062	0.109633	2.999956	23.000183	
2.631716	3.000071	23.003062	0.109633	2.999922	22.999952	
2.633289	3.000071	23.003062	0.109633	2.999946	23.000067	
2.634771	3.000071	23.003062	0.109633	3.000158	23.000162	
2.636252	3.000071	23.003061	0.109633	3.000005	23.000048	
2.637733	3.000071	23.003061	0.109633	2.999973	22.999870	
2.639215	3.000070	23.003061	0.109633	3.000265	22.999940	
2.640613	3.000070	23.003061	0.109633	3.000076	23.000069	
2.642011	3.000070	23.003061	0.109633	3.000285	23.000074	
2.643409	3.000070	23.003061	0.109633	2.999972	22.999980	
2.644807	3.000070	23.003061	0.109633	3.000056	22.999962	
2.646199	3.000070	23.003061	0.109633	2.999975	23.000129	
2.647592	3.000070	23.003061	0.109633	2.999868	23.000024	
2.648985	3.000070	23.003061	0.109633	3.000051	22.999999	
2.650377	3.000070	23.003061	0.109633	3.000072	23.000107	
2.651770	3.000070	23.003061	0.109633	3.000128	22.999989	
2.653162	3.000070	23.003061	0.109633	3.000004	23.000053	
2.654555	3.000070	23.003061	0.109633	3.000008	22.999934	
2.655947	3.000070	23.003061	0.109633	3.000051	22.999845	
2.657287	3.000070	23.003061	0.109633	3.000089	23.000121	
2.658627	3.000070	23.003061	0.109633	2.999845	23.000059	
2.659966	3.000070	23.003061	0.109633	3.000081	22.999886	
2.661306	3.000070	23.003061	0.109633	2.999923	23.000008	
2.662989	3.000070	23.003061	0.109633	3.000114	22.999954	
2.664673	3.000070	23.003061	0.109633	2.999847	23.000022	
2.666356	3.000070	23.003061	0.109633	2.999918	22.999812	
2.668039	3.000070	23.003061	0.109633	2.999907	23.000094	
2.669795	3.000070	23.003061	0.109633	2.999948	22.999934	
2.671550	3.000070	23.003061	0.109633	3.000209	23.000010	
2.673305	3.000070	23.003060	0.109633	3.000172	23.000043	
2.675061	3.000069	23.003060	0.109633	2.999903	23.000154	
2.676631	3.000069	23.003060	0.109633	3.000049	23.000125	
2.678202	3.000069	23.003060	0.109633	3.000041	22.999997	
2.679773	3.000069	23.003060	0.109633	3.000125	22.999941	
2.681344	3.000069	23.003060	0.109633	3.000161	23.000090	
2.682755	3.000069	23.003060	0.109633	3.000000	22.999980	
2.684166	3.000069	23.003060	0.109633	3.000196	23.000149	
2.685577	3.000069	23.003060	0.109633	3.000109	22.999949	
2.686989	3.000069	23.003060	0.109633	3.000136	22.999942	
2.688400	3.000069	23.003060	0.109633	3.000027	23.000057	
2.689811	3.000069	23.003060	0.109633	2.999962	22.999944	
2.691222	3.000069	23.003060	0.109633	3.000045	22.999983	
2.692634	3.000069	23.003060	0.109633	3.000060	22.999853	
2.693969	3.000069	23.003060	0.109633	2.999975	22.999962	
2.695305	3.000069	23.003060	0.109633	3.000061	22.999996	
2.696640	3.000069	23.003060	0.109633	3.000086	22.999958	
2.697976	3.000069	23.003060	0.109633	3.000120	23.000048	
2.699339	3.000069	23.003060	0.109633	2.999910	23.000062	
2.700702	3.000069	23.003060	0.109633	3.000098	22.999925	
2.702066	3.000069	23.003060	0.109633	3.000136	23.000109	
2.703429	3.000069	23.003060	0.109633	2.999839	22.999916	
2.704912	3.000069	23.003060	0.109633	2.999805	22.999868	
2.706394	3.000069	23.003060	0.109633	2.999985	23.000122	
2.707877	3.000069	23.003060	0.109633	3.000067	22.999914	
2.709360	3.000069	23.003060	0.109633	3.000048	23.000039	
2.710943	3.000069	23.003060	0.109633	2.999860	23.000035	
2.712526	3.000069	23.003059	0.109633	2.999968	23.000115	
2.714109	3.000068	23.003059	0.109633	2.999820	23.000104	
2.715691	3.000068	23.003059	0.109633	2.999932	22.999931	
2.717259	3.000068	23.003059	0.109633	3.000048	23.000177	
2.718826	3.000068	23.003059	0.109633	2.999984	22.999987	
2.720393	3.000068	23.003059	0.109633	2.999892	23.000161	
2.721960	3.000068	23.003059	0.109633	2.999919	22.999955	
2.723616	3.000068	23.003059	0.109633	3.000027	23.000158	
2.725272	3.000068	23.003059	0.109633	3.000039	22.999855	
2.726928	3.000068	23.003059	0.109633	2.999924	23.000008	
2.728583	3.000068	23.003059	0.109633	3.000015	23.000005	
2.729977	3.000068	23.003059	0.109633	3.000001	23.000051	
2.731371	3.000068	23.003059	0.109633	2.999944	22.999965	
2.732764	3.000068	23.003059	0.109633	3.000091	22.999987	
2.734158	3.000068	23.003059	0.109633	3.000028	23.000070	
2.735701	3.000068	23.003059	0.109633	3.000057	22.999802	
2.737245	3.000068	23.003059	0.109633	2.999941	23.000000	
2.738788	3.000068	23.003059	0.109633	2.999935	23.000221	
2.740331	3.000068	23.003059	0.109633	2.999856	23.000270	
2.741973	3.000068	23.003059	0.109633	3.000008	22.999994	
2.743614	3.000068	23.003059	0.109633	3.000070	22.999985	
2.745256	3.000068	23.003059	0.109633	2.999961	23.000018	
2.746897	3.000068	23.003059	0.109633	3.000004	23.000003	
2.748266	3.000068	23.003059	0.109633	2.999909	22.999839	
2.749635	3.000068	23.003059	0.109633	3.000103	23.000082	
2.751004	3.000068	23.003059	0.109633	2.999934	22.999926	
2.752373	3.000068	23.003059	0.109633	2.999973	23.000072	
2.754159	3.000068	23.003059	0.109633	2.999977	23.000038	
2.755946	3.000068	23.003059	0.109633	3.000003	23.000011	
2.757732	3.000068	23.003059	0.109633	3.000036	22.999920	
2.759519	3.000067	23.003058	0.109633	2.999824	22.999990	
2.760993	3.000067	23.003058	0.109633	3.000092	23.000068	
2.762467	3.000067	23.003058	0.109633	3.000082	22.999935	
2.763941	3.000067	23.003058	0.109633	3.000020	22.999849	
2.765415	3.000067	23.003058	0.109633	3.000093	22.999983	
2.766841	3.000067	23.003058	0.109633	3.000026	23.000154	
2.768266	3.000067	23.003058	0.109633	3.000153	22.999940	
2.769692	3.000067	23.003058	0.109633	2.999944	22.999978	
2.771118	3.000067	23.003058	0.109633	2.999881	22.999960	
2.772396	3.000067	23.003058	0.109633	3.000088	23.000097	
2.773674	3.000067	23.003058	0.109633	2.999755	22.999900	
2.774952	3.000067	23.003058	0.109633	3.000206	23.000025	
2.776230	3.000067	23.003058	0.109633	2.999820	23.000021	
2.777444	3.000067	23.003058	0.109633	3.000000	22.999996	
2.778658	3.000067	23.003058	0.109633	3.000027	23.000038	
2.779872	3.000067	23.003058	0.109633	3.000060	22.999918	
2.781086	3.000067	23.003058	0.109633	2.999986	22.999854	
2.782471	3.000067	23.003058	0.109633	3.000058	22.999728	
2.783855	3.000067	23.003058	0.109633	2.999954	23.000144	
2.785240	3.000067	23.003058	0.109633	2.999861	22.999770	
2.786624	3.000067	23.003058	0.109633	3.000020	23.000019	
2.788096	3.000067	23.003058	0.109633	2.999900	22.999981	
2.789567	3.000067	23.003058	0.109633	3.000107	23.000203	
2.791039	3.000067	23.003058	0.109633	2.999936	23.000024	
2.792510	3.000067	23.003058	0.109633	3.000055	23.000075	
2.793888	3.000067	23.003058	0.109633	3.000122	23.000176	
2.795266	3.000067	23.003058	0.109633	2.999993	22.999982	
2.796644	3.000067	23.003058	0.109633	3.000041	23.000185	
2.798022	3.000067	23.003058	0.109633	3.000026	23.000267	
2.799325	3.000067	23.003058	0.109633	2.999693	23.000070	
2.800629	3.000067	23.003058	0.109633	2.999787	22.999870	
2.801932	3.000067	23.003058	0.109633	3.000181	23.000061	
2.803235	3.000067	23.003058	0.109633	3.000050	22.999994	
2.804720	3.000067	23.003058	0.109633	2.999985	23.000059	
2.806204	3.000067	23.003058	0.109633	2.999980	22.999906	
2.807689	3.000067	23.003058	0.109633	3.000110	22.999948	
2.809173	3.000067	23.003058	0.109633	3.000017	22.999928	
2.810455	3.000067	23.003058	0.109633	3.000254	23.000002	
2.811736	3.000066	23.003058	0.109633	2.999941	23.000055	
2.813018	3.000066	23.003057	0.109633	2.999861	23.000046	
2.814300	3.000066	23.003057	0.109633	3.000101	23.000181	
2.815627	3.000066	23.003057	0.109633	3.000081	22.999964	
2.816954	3.000066	23.003057	0.109633	2.999983	22.999988	
2.818281	3.000066	23.003057	0.109633	3.000042	22.999860	
2.819608	3.000066	23.003057	0.109633	2.999887	22.999899	
2.820935	3.000066	23.003057	0.109633	3.000056	22.999985	
2.822262	3.000066	23.003057	0.109633	2.999969	22.999911	
2.823589	3.000066	23.003057	0.109633	2.999941	22.999956	
2.824916	3.000066	23.003057	0.109633	2.999895	23.000106	
2.826381	3.000066	23.003057	0.109633	3.000003	22.999985	
2.827846	3.000066	23.003057	0.109633	3.000061	22.999903	
2.829312	3.000066	23.003057	0.109633	3.000055	22.999910	
2.830777	3.000066	23.003057	0.109633	2.999934	22.999980	
2.832268	3.000066	23.003057	0.109633	3.000056	22.999918	
2.833758	3.000066	23.003057	0.109633	3.000063	23.000006	
2.835249	3.000066	23.003057	0.109633	2.999987	22.999838	
2.836739	3.000066	23.003057	0.109633	3.000008	23.000030	
2.838095	3.000066	23.003057	0.109633	3.000044	23.000042	
2.839452	3.000066	23.003057	0.109633	3.000002	22.999952	
2.840808	3.000066	23.003057	0.109633	3.000061	23.000105	
2.842164	3.000066	23.003057	0.109633	3.000010	22.999948	
2.843330	3.000066	23.003057	0.109633	2.999921	23.000039	
2.844495	3.000066	23.003057	0.109633	3.000129	22.999841	
2.845661	3.000066	23.003057	0.109633	3.000012	23.000034	
2.846826	3.000066	23.003057	0.109633	2.999957	22.999960	
2.848282	3.000066	23.003057	0.109633	2.999934	23.000094	
2.849738	3.000066	23.003057	0.109633	2.999897	23.000060	
2.851194	3.000066	23.003057	0.109633	2.999998	23.000058	
2.852650	3.000066	23.003057	0.109633	2.999956	23.000046	
2.853999	3.000066	23.003057	0.109633	2.999830	22.999968	
2.855348	3.000066	23.003057	0.109633	3.000137	22.999905	
2.856698	3.000066	23.003057	0.109633	3.000167	22.999966	
2.858047	3.000066	23.003057	0.109633	2.999992	23.000094	
2.859337	3.000066	23.003057	0.109633	3.000062	23.000033	
2.860627	3.000066	23.003057	0.109633	3.000058	22.999964	
2.861917	3.000066	23.003057	0.109633	2.999896	22.999945	
2.863207	3.000066	23.003057	0.109633	2.999902	22.999861	
2.864635	3.000066	23.003057	0.109633	2.999959	22.999853	
2.866062	3.000066	23.003057	0.109633	3.000027	23.000085	
2.867490	3.000066	23.003057	0.109633	3.000001	23.000153	
2.868917	3.000066	23.003057	0.109633	3.000199	22.999992	
2.870244	3.000066	23.003057	0.109633	3.000010	23.000131	
2.871570	3.000065	23.003057	0.109633	2.999899	22.999852	
2.872897	3.000065	23.003057	0.109633	3.000041	23.000052	
2.874223	3.000065	23.003057	0.109633	3.000159	23.000066	
2.875758	3.000065	23.003056	0.109633	2.999950	23.000102	
2.877293	3.000065	23.003056	0.109633	2.999921	23.000043	
2.878828	3.000065	23.003056	0.109633	2.999977	23.000195	
2.880363	3.000065	23.003056	0.109633	2.999888	22.999830	
2.881451	3.000065	23.003056	0.109633	3.000069	23.000091	
2.882538	3.000065	23.003056	0.109633	2.999776	23.000060	
2.883625	3.000065	23.003056	0.109633	2.999922	23.000142	
2.884712	3.000065	23.003056	0.109633	2.999977	23.000015	
2.885800	3.000065	23.003056	0.109633	3.000090	23.000044	
2.886887	3.000065	23.003056	0.109633	3.000058	23.000020	
2.887974	3.000065	23.003056	0.109633	3.000031	23.000043	
2.889061	3.000065	23.003056	0.109633	3.000148	22.999992	
2.890174	3.000065	23.003056	0.109633	3.000131	22.999999	
2.891286	3.000065	23.003056	0.109633	3.000074	22.999912	
2.892398	3.000065	23.003056	0.109633	2.999949	23.000052	
2.893511	3.000065	23.003056	0.109633	2.999798	22.999917	
2.894802	3.000065	23.003056	0.109633	2.999956	23.000010	
2.896094	3.000065	23.003056	0.109633	3.000133	23.000106	
2.897385	3.000065	23.003056	0.109633	2.999965	23.000007	
2.898676	3.000065	23.003056	0.109633	2.999940	22.999974	
2.900315	3.000065	23.003056	0.109633	3.000035	23.000053	
2.901953	3.000065	23.003056	0.109633	3.000043	23.000007	
2.903592	3.000065	23.003056	0.109633	2.999924	22.999931	
2.905231	3.000065	23.003056	0.109633	2.999883	22.999923	
2.906580	3.000065	23.003056	0.109633	2.999867	22.999913	
2.907930	3.000065	23.003056	0.109633	2.999990	22.999913	
2.909279	3.000065	23.003056	0.109633	2.999903	23.000007	
2.910629	3.000065	23.003056	0.109633	2.999811	23.000017	
2.911903	3.000065	23.003056	0.109633	3.000097	23.000022	
2.913177	3.000065	23.003056	0.109633	2.999894	23.000038	
2.914451	3.000065	23.003056	0.109633	3.000097	23.000009	
2.915726	3.000065	23.003056	0.109633	3.000057	23.000046	
2.916881	3.000065	23.003056	0.109633	2.999890	22.999863	
2.918037	3.000065	23.003056	0.109633	2.999881	22.999742	
2.919193	3.000065	23.003056	0.109633	2.999914	22.999954	
2.920349	3.000065	23.003056	0.109633	2.999877	22.999821	
2.921721	3.000065	23.003056	0.109633	3.000055	22.999968	
2.923092	3.000065	23.003056	0.109633	3.000039	23.000028	
2.924464	3.000065	23.003056	0.109633	3.000206	23.000091	
2.925836	3.000065	23.003056	0.109633	3.000042	22.999909	
2.927056	3.000065	23.003056	0.109633	2.999912	23.000035	
2.928275	3.000065	23.003056	0.109633	3.000046	23.000059	
2.929494	3.000065	23.003056	0.109633	2.999925	23.000077	
2.930714	3.000065	23.003056	0.109633	2.999858	22.999819	
2.932012	3.000065	23.003056	0.109633	2.999948	22.999932	
2.933311	3.000065	23.003056	0.109633	3.000036	23.000157	
2.934609	3.000065	23.003056	0.109633	2.999861	22.999935	
2.935908	3.000065	23.003056	0.109633	2.999987	23.000142	
2.936962	3.000065	23.003056	0.109633	3.000059	23.000009	
2.938017	3.000065	23.003056	0.109633	3.000031	23.000077	
2.939071	3.000065	23.003056	0.109633	3.000001	22.999890	
2.940125	3.000065	23.003056	0.109633	3.000024	22.999946	
2.941269	3.000065	23.003056	0.109633	3.000017	23.000032	
2.942412	3.000065	23.003056	0.109633	3.000054	23.000037	
2.943556	3.000065	23.003056	0.109633	3.000143	22.999999	
2.944699	3.000064	23.003056	0.109633	3.000001	23.000050	
2.945798	3.000064	23.003056	0.109633	2.999981	23.000106	
2.946898	3.000064	23.003056	0.109633	2.999891	23.000093	
2.947997	3.000064	23.003056	0.109633	3.000089	22.999961	
2.949097	3.000064	23.003056	0.109633	2.999932	22.999956	
2.950128	3.000064	23.003056	0.109633	2.999982	22.999923	
2.951159	3.000064	23.003056	0.109633	3.000104	23.000252	
2.952190	3.000064	23.003055	0.109633	2.999952	23.000019	
2.953221	3.000064	23.003055	0.109633	2.999969	23.000079	
2.954364	3.000064	23.003055	0.109633	3.000146	22.999927	
2.955507	3.000064	23.003055	0.109633	3.000105	22.999884	
2.956650	3.000064	23.003055	0.109633	2.999935	23.000100	
2.957794	3.000064	23.003055	0.109633	3.000014	23.000019	
2.958855	3.000064	23.003055	0.109633	2.999961	22.999992	
2.959917	3.000064	23.003055	0.109633	3.000022	22.999889	
2.960979	3.000064	23.003055	0.109633	3.000044	23.000008	
2.962040	3.000064	23.003055	0.109633	2.999953	23.000070	
2.963147	3.000064	23.003055	0.109633	3.000003	22.999929	
2.964253	3.000064	23.003055	0.109633	3.000044	23.000111	
2.965359	3.000064	23.003055	0.109633	3.000100	22.999910	
2.966465	3.000064	23.003055	0.109633	3.000004	23.000123	
2.967657	3.000064	23.003055	0.109633	2.999840	23.000054	
2.968848	3.000064	23.003055	0.109633	2.999892	23.000031	
2.970039	3.000064	23.003055	0.109633	2.999924	22.999869	
2.971230	3.000064	23.003055	0.109633	2.999889	23.000038	
2.972266	3.000064	23.003055	0.109633	3.000093	22.999777	
2.973301	3.000064	23.003055	0.109633	2.999995	23.000062	
2.974337	3.000064	23.003055	0.109633	2.999955	23.000067	
2.975373	3.000064	23.003055	0.109633	3.000088	23.000101	
2.976610	3.000064	23.003055	0.109633	3.000218	22.999964	
2.977847	3.000064	23.003055	0.109633	3.000117	22.999993	
2.979084	3.000064	23.003055	0.109633	3.000104	22.999784	
2.980320	3.000064	23.003055	0.109633	3.000050	22.999931	
2.981426	3.000064	23.003055	0.109633	3.000037	22.999951	
2.982531	3.000064	23.003055	0.109633	3.000117	22.999910	
2.983637	3.000064	23.003055	0.109633	3.000137	23.000041	
2.984742	3.000064	23.003055	0.109633	3.000167	22.999897	
2.986055	3.000064	23.003055	0.109633	2.999979	23.000041	
2.987369	3.000064	23.003055	0.109633	3.000072	23.000012	
2.988682	3.000064	23.003055	0.109633	3.000017	23.000035	
2.989995	3.000064	23.003055	0.109633	3.000091	22.999889	
2.991363	3.000064	23.003055	0.109633	2.999937	23.000043	
2.992731	3.000064	23.003055	0.109633	2.999927	22.999850	
2.994098	3.000064	23.003055	0.109633	3.000123	22.999898	
2.995466	3.000064	23.003055	0.109633	2.999965	22.999930	
2.996599	3.000064	23.003055	0.109633	2.999983	23.000097	
2.997733	3.000064	23.003055	0.109633	2.999865	22.999986	
2.998866	3.000064	23.003055	0.109633	2.999920	23.000073	
3.000000	3.000064	23.003055	0.109633	2.999934	22.999921	
