0.000000	3.792238	-2.221441	6.013679	-4.442883	
0.000009	3.792238	-2.221441	6.013679	-4.442883	
0.000017	3.792238	-2.221441	6.013679	-4.442883	
0.000026	3.792238	-2.221441	6.013679	-4.442883	
0.000034	3.792238	-2.221441	6.013679	-4.442883	
0.000069	3.792238	-2.221441	6.013679	-4.442883	
0.000104	3.792238	-2.221441	6.013679	-4.442883	
0.000138	3.792238	-2.221441	6.013679	-4.442883	
0.000173	3.792238	-2.221441	6.013679	-4.442883	
0.000291	3.792238	-2.221441	6.013679	-4.442883	
0.000409	3.792237	-2.221441	6.013679	-4.442882	
0.000527	3.792237	-2.221441	6.013678	-4.442882	
0.000645	3.792237	-2.221440	6.013678	-4.442882	
0.000749	3.792236	-2.221440	6.013678	-4.442881	
0.000853	3.792236	-2.221439	6.013677	-4.442881	
0.000956	3.792235	-2.221439	6.013676	-4.442880	
0.001060	3.792234	-2.221438	6.013676	-4.442879	
0.001164	3.792234	-2.221437	6.013675	-4.442879	
0.001268	3.792233	-2.221437	6.013674	-4.442878	
0.001372	3.792232	-2.221436	6.013673	-4.442877	
0.001476	3.792231	-2.221435	6.013672	-4.442876	
0.001568	3.792230	-2.221434	6.013671	-4.442875	
0.001660	3.792229	-2.221433	6.013670	-4.442874	
0.001752	3.792228	-2.221432	6.013669	-4.442873	
0.001845	3.792227	-2.221431	6.013668	-4.442872	
0.002040	3.792225	-2.221429	6.013666	-4.442870	
0.002235	3.792222	-2.221426	6.013663	-4.442867	
0.002429	3.792219	-2.221423	6.013660	-4.442864	
0.002624	3.792216	-2.221420	6.013657	-4.442861	
0.002931	3.792211	-2.221415	6.013651	-4.442855	
0.003237	3.792205	-2.221408	6.013645	-4.442849	
0.003543	3.792198	-2.221402	6.013638	-4.442841	
0.003850	3.792190	-2.221394	6.013630	-4.442834	
0.003971	3.792187	-2.221391	6.013627	-4.442830	
0.004093	3.792184	-2.221388	6.013623	-4.442827	
0.004215	3.792181	-2.221384	6.013619	-4.442823	
0.004337	3.792177	-2.221381	6.013616	-4.442819	
0.004459	3.792173	-2.221377	6.013612	-4.442816	
0.004581	3.792170	-2.221373	6.013608	-4.442812	
0.004703	3.792166	-2.221370	6.013604	-4.442807	
0.004825	3.792162	-2.221366	6.013600	-4.442803	
0.004977	3.792157	-2.221360	6.013594	-4.442798	
0.005130	3.792151	-2.221355	6.013588	-4.442792	
0.005282	3.792146	-2.221350	6.013582	-4.442786	
0.005434	3.792140	-2.221344	6.013576	-4.442780	
0.005586	3.792134	-2.221338	6.013570	-4.442774	
0.005737	3.792128	-2.221332	6.013563	-4.442767	
0.005889	3.792121	-2.221325	6.013557	-4.442760	
0.006041	3.792115	-2.221318	6.013550	-4.442753	
0.006469	3.792095	-2.221298	6.013529	-4.442732	
0.006897	3.792073	-2.221276	6.013506	-4.442710	
0.007324	3.792049	-2.221252	6.013481	-4.442685	
0.007752	3.792023	-2.221226	6.013455	-4.442658	
0.008577	3.791967	-2.221171	6.013397	-4.442601	
0.009403	3.791903	-2.221107	6.013332	-4.442535	
0.010228	3.791831	-2.221034	6.013258	-4.442462	
0.011054	3.791750	-2.220953	6.013175	-4.442379	
0.012380	3.791600	-2.220804	6.013022	-4.442226	
0.013706	3.791427	-2.220630	6.012844	-4.442048	
0.015032	3.791227	-2.220430	6.012638	-4.441842	
0.016358	3.790999	-2.220203	6.012403	-4.441606	
0.021167	3.789920	-2.219124	6.011276	-4.440479	
0.025977	3.788393	-2.217597	6.009656	-4.438860	
0.030786	3.786351	-2.215555	6.007461	-4.436664	
0.035596	3.783726	-2.212930	6.004607	-4.433810	
0.051891	3.769639	-2.198843	5.988961	-4.418164	
0.068186	3.745583	-2.174787	5.961653	-4.390857	
0.084481	3.709180	-2.138384	5.919708	-4.348912	
0.100776	3.658295	-2.087499	5.860435	-4.289639	
0.102896	3.650509	-2.079713	5.851322	-4.280525	
0.105016	3.642442	-2.071645	5.841869	-4.271073	
0.107136	3.634090	-2.063293	5.832074	-4.261277	
0.109256	3.625450	-2.054653	5.821931	-4.251134	
0.111376	3.616521	-2.045725	5.811436	-4.240639	
0.113496	3.607296	-2.036499	5.800585	-4.229789	
0.115616	3.597769	-2.026972	5.789375	-4.218579	
0.117736	3.587943	-2.017147	5.777802	-4.207005	
0.120758	3.573462	-2.002665	5.760673	-4.189877	
0.123779	3.558505	-1.987709	5.742789	-4.171993	
0.126801	3.543153	-1.972356	5.724142	-4.153346	
0.129822	3.527456	-1.956659	5.704724	-4.133928	
0.133058	3.510281	-1.939484	5.683065	-4.112269	
0.136293	3.492723	-1.921927	5.660505	-4.089709	
0.139529	3.474785	-1.903989	5.637038	-4.066241	
0.142765	3.456470	-1.885674	5.612657	-4.041861	
0.158943	3.359356	-1.788560	5.476947	-3.906150	
0.175121	3.253585	-1.682789	5.318304	-3.747508	
0.191299	3.140230	-1.569434	5.137518	-3.566721	
0.207477	3.020719	-1.449923	4.936214	-3.365417	
0.224758	2.888232	-1.317436	4.701253	-3.130456	
0.242039	2.753271	-1.182475	4.449799	-2.879003	
0.259320	2.618522	-1.047726	4.186751	-2.615954	
0.276601	2.486608	-0.915811	3.917391	-2.346595	
0.293882	2.360143	-0.789347	3.647449	-2.076653	
0.311162	2.241403	-0.670607	3.382745	-1.811949	
0.328443	2.132169	-0.561373	3.128545	-1.557749	
0.345724	2.033844	-0.463047	2.889521	-1.318725	
0.357956	1.971382	-0.400585	2.731768	-1.160971	
0.370187	1.914897	-0.344100	2.584605	-1.013808	
0.382419	1.864314	-0.293517	2.448687	-0.877891	
0.394650	1.819547	-0.248750	2.324612	-0.753815	
0.406882	1.780442	-0.209646	2.212818	-0.642022	
0.419113	1.746536	-0.175740	2.112939	-0.542143	
0.431345	1.717358	-0.146561	2.024492	-0.453696	
0.443577	1.692562	-0.121766	1.947230	-0.376434	
0.454189	1.674322	-0.103525	1.888986	-0.318190	
0.464801	1.658706	-0.087909	1.838106	-0.267309	
0.475413	1.645385	-0.074589	1.793925	-0.223128	
0.486025	1.634114	-0.063318	1.755991	-0.185195	
0.495232	1.625817	-0.055021	1.727785	-0.156989	
0.504440	1.618688	-0.047892	1.703401	-0.132605	
0.513648	1.612565	-0.041769	1.682408	-0.111611	
0.522856	1.607327	-0.036531	1.664487	-0.093690	
0.530962	1.603360	-0.032564	1.651017	-0.080221	
0.539067	1.599905	-0.029108	1.639410	-0.068614	
0.547173	1.596890	-0.026094	1.629434	-0.058638	
0.555278	1.594262	-0.023465	1.620913	-0.050116	
0.562665	1.592163	-0.021366	1.614277	-0.043480	
0.570051	1.590305	-0.019508	1.608564	-0.037768	
0.577438	1.588655	-0.017859	1.603652	-0.032856	
0.584824	1.587189	-0.016393	1.599446	-0.028650	
0.591689	1.585973	-0.015177	1.596096	-0.025300	
0.598554	1.584878	-0.014082	1.593204	-0.022408	
0.605418	1.583889	-0.013093	1.590707	-0.019911	
0.612283	1.582994	-0.012198	1.588556	-0.017760	
0.618759	1.582228	-0.011432	1.586804	-0.016008	
0.625235	1.581528	-0.010732	1.585281	-0.014485	
0.631711	1.580885	-0.010089	1.583954	-0.013157	
0.638188	1.580295	-0.009499	1.582798	-0.012001	
0.644339	1.579779	-0.008983	1.581838	-0.011042	
0.650490	1.579302	-0.008505	1.580993	-0.010196	
0.656641	1.578858	-0.008061	1.580245	-0.009448	
0.662791	1.578445	-0.007649	1.579582	-0.008786	
0.668625	1.578081	-0.007284	1.579024	-0.008227	
0.674458	1.577739	-0.006943	1.578522	-0.007726	
0.680291	1.577419	-0.006623	1.578070	-0.007273	
0.686124	1.577118	-0.006322	1.577661	-0.006864	
0.691587	1.576853	-0.006057	1.577313	-0.006516	
0.697050	1.576603	-0.005806	1.576993	-0.006197	
0.702512	1.576365	-0.005569	1.576699	-0.005903	
0.707975	1.576141	-0.005344	1.576427	-0.005631	
0.713126	1.575940	-0.005143	1.576190	-0.005394	
0.718276	1.575748	-0.004952	1.575968	-0.005172	
0.723427	1.575565	-0.004769	1.575760	-0.004964	
0.728578	1.575391	-0.004595	1.575565	-0.004768	
0.733516	1.575232	-0.004435	1.575388	-0.004592	
0.738454	1.575079	-0.004283	1.575221	-0.004425	
0.743392	1.574932	-0.004136	1.575062	-0.004266	
0.748330	1.574792	-0.003995	1.574912	-0.004115	
0.753046	1.574663	-0.003867	1.574774	-0.003978	
0.757763	1.574539	-0.003742	1.574643	-0.003847	
0.762479	1.574419	-0.003623	1.574517	-0.003721	
0.767196	1.574304	-0.003507	1.574396	-0.003600	
0.771763	1.574196	-0.003400	1.574284	-0.003487	
0.776330	1.574092	-0.003296	1.574175	-0.003379	
0.780897	1.573991	-0.003195	1.574071	-0.003275	
0.785464	1.573893	-0.003097	1.573970	-0.003173	
0.789941	1.573801	-0.003004	1.573874	-0.003078	
0.794417	1.573711	-0.002915	1.573781	-0.002985	
0.798894	1.573623	-0.002827	1.573691	-0.002895	
0.803371	1.573539	-0.002742	1.573604	-0.002808	
0.807567	1.573461	-0.002665	1.573524	-0.002728	
0.811762	1.573386	-0.002589	1.573447	-0.002651	
0.815958	1.573312	-0.002515	1.573371	-0.002575	
0.820154	1.573240	-0.002443	1.573297	-0.002501	
0.824071	1.573174	-0.002378	1.573230	-0.002434	
0.827988	1.573109	-0.002313	1.573164	-0.002368	
0.831905	1.573046	-0.002250	1.573099	-0.002303	
0.835822	1.572984	-0.002188	1.573035	-0.002239	
0.839386	1.572928	-0.002132	1.572978	-0.002182	
0.842950	1.572874	-0.002077	1.572922	-0.002126	
0.846513	1.572820	-0.002023	1.572867	-0.002071	
0.850077	1.572766	-0.001970	1.572813	-0.002016	
0.853340	1.572718	-0.001922	1.572763	-0.001967	
0.856604	1.572670	-0.001874	1.572714	-0.001918	
0.859867	1.572623	-0.001827	1.572666	-0.001870	
0.863131	1.572576	-0.001780	1.572618	-0.001822	
0.866187	1.572533	-0.001736	1.572574	-0.001777	
0.869244	1.572489	-0.001693	1.572529	-0.001733	
0.872301	1.572446	-0.001650	1.572485	-0.001689	
0.875357	1.572403	-0.001607	1.572441	-0.001645	
0.878427	1.572360	-0.001564	1.572397	-0.001601	
0.881498	1.572317	-0.001521	1.572353	-0.001557	
0.884568	1.572274	-0.001478	1.572309	-0.001513	
0.887638	1.572231	-0.001435	1.572266	-0.001469	
0.890749	1.572188	-0.001392	1.572221	-0.001425	
0.893860	1.572144	-0.001348	1.572176	-0.001380	
0.896970	1.572100	-0.001304	1.572132	-0.001335	
0.900081	1.572056	-0.001260	1.572087	-0.001290	
0.902860	1.572017	-0.001220	1.572046	-0.001250	
0.905638	1.571977	-0.001180	1.572005	-0.001209	
0.908417	1.571937	-0.001140	1.571964	-0.001168	
0.911195	1.571896	-0.001100	1.571923	-0.001126	
0.913974	1.571855	-0.001059	1.571881	-0.001085	
0.916752	1.571813	-0.001017	1.571838	-0.001042	
0.919531	1.571772	-0.000975	1.571796	-0.000999	
0.922309	1.571729	-0.000933	1.571752	-0.000956	
0.924742	1.571691	-0.000895	1.571714	-0.000917	
0.927175	1.571653	-0.000857	1.571674	-0.000878	
0.929608	1.571614	-0.000818	1.571635	-0.000839	
0.932040	1.571576	-0.000779	1.571595	-0.000799	
0.934191	1.571541	-0.000745	1.571560	-0.000764	
0.936341	1.571507	-0.000711	1.571526	-0.000729	
0.938491	1.571474	-0.000677	1.571491	-0.000695	
0.940641	1.571440	-0.000643	1.571456	-0.000660	
0.942722	1.571407	-0.000611	1.571423	-0.000627	
0.944802	1.571375	-0.000578	1.571390	-0.000593	
0.946883	1.571342	-0.000546	1.571356	-0.000560	
0.948963	1.571309	-0.000513	1.571323	-0.000526	
0.951004	1.571277	-0.000481	1.571290	-0.000493	
0.953045	1.571244	-0.000448	1.571256	-0.000460	
0.955086	1.571212	-0.000415	1.571223	-0.000426	
0.957126	1.571179	-0.000382	1.571189	-0.000393	
0.958529	1.571156	-0.000359	1.571166	-0.000369	
0.959932	1.571133	-0.000337	1.571142	-0.000346	
0.961335	1.571110	-0.000314	1.571119	-0.000323	
0.962738	1.571087	-0.000291	1.571095	-0.000299	
0.963787	1.571070	-0.000274	1.571078	-0.000282	
0.964836	1.571053	-0.000257	1.571061	-0.000264	
0.965885	1.571036	-0.000240	1.571043	-0.000247	
0.966934	1.571020	-0.000223	1.571026	-0.000230	
0.967759	1.571007	-0.000210	1.571013	-0.000217	
0.968584	1.570994	-0.000198	1.571000	-0.000203	
0.969410	1.570981	-0.000185	1.570987	-0.000190	
0.970235	1.570969	-0.000172	1.570974	-0.000178	
0.971060	1.570956	-0.000160	1.570961	-0.000165	
0.971886	1.570944	-0.000148	1.570949	-0.000153	
0.972711	1.570933	-0.000136	1.570937	-0.000140	
0.973537	1.570921	-0.000125	1.570925	-0.000129	
0.974212	1.570912	-0.000116	1.570916	-0.000119	
0.974886	1.570903	-0.000107	1.570907	-0.000110	
0.975561	1.570895	-0.000098	1.570898	-0.000101	
0.976236	1.570886	-0.000090	1.570889	-0.000093	
0.976778	1.570880	-0.000084	1.570883	-0.000086	
0.977320	1.570874	-0.000077	1.570876	-0.000080	
0.977861	1.570868	-0.000071	1.570870	-0.000074	
0.978403	1.570862	-0.000066	1.570864	-0.000068	
0.978852	1.570857	-0.000061	1.570859	-0.000063	
0.979301	1.570853	-0.000056	1.570855	-0.000058	
0.979750	1.570849	-0.000052	1.570850	-0.000054	
0.980199	1.570844	-0.000048	1.570846	-0.000050	
0.980580	1.570841	-0.000045	1.570843	-0.000046	
0.980960	1.570838	-0.000042	1.570839	-0.000043	
0.981340	1.570835	-0.000039	1.570836	-0.000040	
0.981720	1.570832	-0.000036	1.570833	-0.000037	
0.982048	1.570830	-0.000033	1.570831	-0.000034	
0.982375	1.570827	-0.000031	1.570828	-0.000032	
0.982702	1.570825	-0.000029	1.570826	-0.000030	
0.983029	1.570823	-0.000027	1.570824	-0.000028	
0.983313	1.570821	-0.000025	1.570822	-0.000026	
0.983597	1.570820	-0.000023	1.570820	-0.000024	
0.983881	1.570818	-0.000022	1.570819	-0.000022	
0.984165	1.570816	-0.000020	1.570817	-0.000021	
0.984416	1.570815	-0.000019	1.570816	-0.000019	
0.984666	1.570814	-0.000018	1.570814	-0.000018	
0.984917	1.570813	-0.000016	1.570813	-0.000017	
0.985167	1.570812	-0.000015	1.570812	-0.000016	
0.985390	1.570811	-0.000014	1.570811	-0.000015	
0.985612	1.570810	-0.000013	1.570810	-0.000014	
0.985834	1.570809	-0.000013	1.570809	-0.000013	
0.986056	1.570808	-0.000012	1.570808	-0.000012	
0.986254	1.570807	-0.000011	1.570808	-0.000011	
0.986452	1.570807	-0.000010	1.570807	-0.000011	
0.986649	1.570806	-0.000010	1.570806	-0.000010	
0.986847	1.570805	-0.000009	1.570806	-0.000009	
0.987007	1.570805	-0.000009	1.570805	-0.000009	
0.987166	1.570805	-0.000008	1.570805	-0.000008	
0.987326	1.570804	-0.000008	1.570804	-0.000008	
0.987485	1.570804	-0.000008	1.570804	-0.000008	
0.987616	1.570804	-0.000007	1.570804	-0.000007	
0.987747	1.570803	-0.000007	1.570804	-0.000007	
0.987878	1.570803	-0.000007	1.570803	-0.000007	
0.988009	1.570803	-0.000007	1.570803	-0.000007	
0.988160	1.570803	-0.000006	1.570803	-0.000007	
0.988312	1.570803	-0.000006	1.570803	-0.000006	
0.988463	1.570802	-0.000006	1.570803	-0.000006	
0.988614	1.570802	-0.000006	1.570802	-0.000006	
0.988780	1.570802	-0.000006	1.570802	-0.000006	
0.988945	1.570802	-0.000006	1.570802	-0.000006	
0.989110	1.570802	-0.000006	1.570802	-0.000006	
0.989275	1.570802	-0.000006	1.570802	-0.000006	
0.989468	1.570802	-0.000005	1.570802	-0.000006	
0.989662	1.570802	-0.000005	1.570802	-0.000006	
0.989855	1.570802	-0.000005	1.570802	-0.000006	
0.990048	1.570802	-0.000005	1.570802	-0.000005	
0.990324	1.570802	-0.000005	1.570802	-0.000005	
0.990600	1.570802	-0.000005	1.570802	-0.000005	
0.990875	1.570802	-0.000005	1.570802	-0.000005	
0.991151	1.570802	-0.000005	1.570802	-0.000005	
0.991518	1.570802	-0.000005	1.570802	-0.000005	
0.991885	1.570801	-0.000005	1.570802	-0.000005	
0.992252	1.570801	-0.000005	1.570802	-0.000005	
0.992620	1.570801	-0.000005	1.570802	-0.000005	
0.992984	1.570801	-0.000005	1.570802	-0.000005	
0.993348	1.570801	-0.000005	1.570802	-0.000005	
0.993712	1.570801	-0.000005	1.570802	-0.000005	
0.994076	1.570801	-0.000005	1.570802	-0.000005	
0.994483	1.570801	-0.000005	1.570802	-0.000005	
0.994890	1.570801	-0.000005	1.570802	-0.000005	
0.995297	1.570801	-0.000005	1.570802	-0.000005	
0.995704	1.570801	-0.000005	1.570802	-0.000005	
0.996180	1.570801	-0.000005	1.570802	-0.000005	
0.996655	1.570801	-0.000005	1.570802	-0.000005	
0.997131	1.570801	-0.000005	1.570802	-0.000005	
0.997607	1.570801	-0.000005	1.570802	-0.000005	
0.998059	1.570801	-0.000005	1.570802	-0.000005	
0.998511	1.570801	-0.000005	1.570802	-0.000005	
0.998964	1.570801	-0.000005	1.570802	-0.000005	
0.999416	1.570801	-0.000005	1.570802	-0.000005	
0.999541	1.570801	-0.000005	1.570802	-0.000005	
0.999666	1.570801	-0.000005	1.570802	-0.000005	
0.999791	1.570801	-0.000005	1.570802	-0.000005	
0.999916	1.570801	-0.000005	1.570802	-0.000005	
0.999928	1.570801	-0.000005	1.570802	-0.000005	
0.999940	1.570801	-0.000005	1.570802	-0.000005	
0.999952	1.570801	-0.000005	1.570802	-0.000005	
0.999964	1.570801	-0.000005	1.570802	-0.000005	
0.999968	1.570801	-0.000005	1.570802	-0.000005	
0.999973	1.570801	-0.000005	1.570802	-0.000005	
0.999977	1.570801	-0.000005	1.570802	-0.000005	
0.999982	1.570801	-0.000005	1.570802	-0.000005	
0.999985	1.570801	-0.000005	1.570802	-0.000005	
0.999988	1.570801	-0.000005	1.570802	-0.000005	
0.999991	1.570801	-0.000005	1.570802	-0.000005	
0.999994	1.570801	-0.000005	1.570802	-0.000005	
0.999997	1.570801	-0.000005	1.570802	-0.000005	
1.000000	1.570801	-0.000005	1.570802	-0.000005	
1.000003	1.570801	-0.000005	1.570802	-0.000005	
1.000006	1.570801	-0.000005	1.570802	-0.000005	
1.000009	1.570801	-0.000005	1.570802	-0.000005	
1.000013	1.570801	-0.000005	1.570802	-0.000005	
1.000016	1.570801	-0.000005	1.570802	-0.000005	
1.000019	1.570801	-0.000005	1.570802	-0.000005	
1.000034	1.570801	-0.000005	1.570802	-0.000005	
1.000050	1.570801	-0.000005	1.570802	-0.000005	
1.000066	1.570801	-0.000005	1.570802	-0.000005	
1.000081	1.570801	-0.000005	1.570802	-0.000005	
1.000150	1.570802	-0.000005	1.570802	-0.000005	
1.000218	1.570802	-0.000005	1.570802	-0.000005	
1.000286	1.570802	-0.000005	1.570802	-0.000006	
1.000354	1.570802	-0.000006	1.570802	-0.000006	
1.000560	1.570803	-0.000006	1.570803	-0.000007	
1.000766	1.570804	-0.000007	1.570804	-0.000008	
1.000972	1.570805	-0.000009	1.570805	-0.000009	
1.001178	1.570807	-0.000011	1.570807	-0.000011	
1.001619	1.570812	-0.000016	1.570812	-0.000016	
1.002060	1.570818	-0.000022	1.570819	-0.000022	
1.002501	1.570826	-0.000030	1.570827	-0.000030	
1.002943	1.570836	-0.000040	1.570836	-0.000040	
1.003841	1.570860	-0.000064	1.570861	-0.000064	
1.004739	1.570891	-0.000095	1.570891	-0.000095	
1.005637	1.570928	-0.000132	1.570929	-0.000132	
1.006535	1.570972	-0.000176	1.570972	-0.000176	
1.007809	1.571045	-0.000249	1.571045	-0.000249	
1.009084	1.571131	-0.000335	1.571131	-0.000335	
1.010359	1.571230	-0.000434	1.571230	-0.000434	
1.011634	1.571342	-0.000546	1.571342	-0.000546	
1.013711	1.571552	-0.000756	1.571552	-0.000756	
1.015788	1.571796	-0.001000	1.571796	-0.001000	
1.017865	1.572075	-0.001278	1.572075	-0.001278	
1.019943	1.572387	-0.001591	1.572387	-0.001591	
1.023122	1.572932	-0.002136	1.572932	-0.002136	
1.026302	1.573557	-0.002761	1.573557	-0.002760	
1.029482	1.574261	-0.003465	1.574261	-0.003465	
1.032661	1.575045	-0.004249	1.575044	-0.004248	
1.034286	1.575476	-0.004680	1.575475	-0.004679	
1.035911	1.575928	-0.005131	1.575926	-0.005130	
1.037535	1.576400	-0.005603	1.576398	-0.005602	
1.039160	1.576892	-0.006096	1.576891	-0.006094	
1.039773	1.577084	-0.006287	1.577082	-0.006285	
1.040387	1.577278	-0.006481	1.577276	-0.006480	
1.041000	1.577475	-0.006679	1.577473	-0.006677	
1.041614	1.577675	-0.006879	1.577673	-0.006876	
1.041730	1.577713	-0.006917	1.577711	-0.006915	
1.041846	1.577751	-0.006955	1.577749	-0.006953	
1.041962	1.577790	-0.006993	1.577787	-0.006991	
1.042078	1.577828	-0.007032	1.577826	-0.007030	
1.042194	1.577867	-0.007070	1.577864	-0.007068	
1.042310	1.577905	-0.007109	1.577903	-0.007107	
1.042426	1.577944	-0.007148	1.577942	-0.007145	
1.042542	1.577983	-0.007187	1.577981	-0.007184	
1.042796	1.578069	-0.007272	1.578066	-0.007270	
1.043051	1.578155	-0.007358	1.578152	-0.007356	
1.043305	1.578241	-0.007445	1.578239	-0.007443	
1.043560	1.578328	-0.007532	1.578326	-0.007530	
1.044177	1.578539	-0.007743	1.578539	-0.007743	
1.044793	1.578752	-0.007955	1.578755	-0.007959	
1.045410	1.578965	-0.008169	1.578974	-0.008178	
1.046027	1.579178	-0.008382	1.579196	-0.008400	
1.047608	1.579721	-0.008924	1.579778	-0.008982	
1.049190	1.580253	-0.009457	1.580379	-0.009583	
1.050772	1.580771	-0.009975	1.580999	-0.010203	
1.052353	1.581275	-0.010479	1.581638	-0.010842	
1.053945	1.581768	-0.010972	1.582300	-0.011504	
1.055536	1.582244	-0.011448	1.582981	-0.012185	
1.057128	1.582702	-0.011906	1.583681	-0.012885	
1.058719	1.583143	-0.012346	1.584399	-0.013603	
1.066332	1.584958	-0.014162	1.588093	-0.017297	
1.073945	1.586207	-0.015411	1.592202	-0.021406	
1.081557	1.586771	-0.015975	1.596714	-0.025917	
1.089170	1.586533	-0.015736	1.601612	-0.030816	
1.105736	1.582691	-0.011895	1.613520	-0.042724	
1.122302	1.573331	-0.002535	1.626943	-0.056147	
1.138869	1.557376	0.013420	1.641592	-0.070795	
1.155435	1.533888	0.036908	1.657120	-0.086324	
1.178067	1.488251	0.082545	1.679045	-0.108249	
1.200699	1.425814	0.144982	1.700659	-0.129863	
1.223332	1.346299	0.224497	1.720680	-0.149884	
1.245964	1.250570	0.320227	1.737867	-0.167070	
1.262693	1.170498	0.400298	1.748036	-0.177240	
1.279421	1.083872	0.486924	1.755572	-0.184776	
1.296150	0.992222	0.578574	1.760165	-0.189368	
1.312878	0.897250	0.673547	1.761603	-0.190806	
1.329606	0.800871	0.769925	1.759773	-0.188977	
1.346335	0.705058	0.865738	1.754801	-0.184005	
1.363063	0.611678	0.959118	1.746949	-0.176153	
1.379792	0.522534	1.048262	1.736533	-0.165737	
1.390798	0.467015	1.103782	1.728489	-0.157693	
1.401803	0.414382	1.156414	1.719705	-0.148909	
1.412809	0.364912	1.205884	1.710351	-0.139555	
1.423815	0.318875	1.251921	1.700602	-0.129806	
1.434821	0.276507	1.294290	1.690639	-0.119843	
1.445827	0.237812	1.332984	1.680627	-0.109831	
1.456832	0.202759	1.368037	1.670718	-0.099922	
1.467838	0.171374	1.399422	1.661065	-0.090269	
1.478049	0.145530	1.425266	1.652466	-0.081670	
1.488260	0.122616	1.448181	1.644276	-0.073479	
1.498471	0.102431	1.468365	1.636546	-0.065750	
1.508681	0.084860	1.485936	1.629346	-0.058549	
1.517487	0.071707	1.499089	1.623605	-0.052809	
1.526292	0.060207	1.510590	1.618289	-0.047493	
1.535097	0.050201	1.520595	1.613392	-0.042596	
1.543903	0.041578	1.529218	1.608921	-0.038125	
1.546028	0.039693	1.531103	1.607907	-0.037111	
1.548153	0.037879	1.532917	1.606917	-0.036121	
1.550278	0.036133	1.534663	1.605951	-0.035155	
1.552403	0.034454	1.536342	1.605008	-0.034212	
1.553806	0.033381	1.537415	1.604398	-0.033602	
1.555210	0.032336	1.538461	1.603798	-0.033002	
1.556613	0.031318	1.539479	1.603209	-0.032412	
1.558017	0.030326	1.540470	1.602629	-0.031832	
1.559420	0.029361	1.541435	1.602060	-0.031264	
1.560823	0.028421	1.542375	1.601501	-0.030705	
1.562227	0.027507	1.543289	1.600939	-0.030143	
1.563630	0.026617	1.544179	1.600356	-0.029560	
1.565343	0.025564	1.545232	1.599587	-0.028791	
1.567056	0.024546	1.546250	1.598728	-0.027932	
1.568769	0.023562	1.547234	1.597750	-0.026953	
1.570482	0.022612	1.548185	1.596624	-0.025828	
1.573397	0.021069	1.549728	1.594298	-0.023502	
1.576312	0.019615	1.551181	1.591356	-0.020559	
1.579227	0.018248	1.552548	1.587692	-0.016895	
1.582142	0.016963	1.553834	1.583210	-0.012414	
1.586400	0.015224	1.555572	1.575014	-0.004218	
1.590658	0.013642	1.557155	1.564666	0.006130	
1.594916	0.012203	1.558593	1.551977	0.018819	
1.599174	0.010899	1.559897	1.536780	0.034017	
1.604710	0.009389	1.561407	1.513049	0.057747	
1.610245	0.008069	1.562727	1.484637	0.086159	
1.615781	0.006921	1.563875	1.451381	0.119415	
1.621316	0.005928	1.564869	1.413151	0.157645	
1.628033	0.004909	1.565888	1.359961	0.210835	
1.634750	0.004069	1.566727	1.299285	0.271511	
1.641467	0.003384	1.567412	1.231141	0.339655	
1.648185	0.002835	1.567961	1.155603	0.415193	
1.652874	0.002523	1.568273	1.098555	0.472241	
1.657563	0.002262	1.568534	1.038028	0.532768	
1.662253	0.002047	1.568749	0.974089	0.596707	
1.666942	0.001872	1.568924	0.906812	0.663985	
1.670452	0.001765	1.569031	0.854273	0.716523	
1.673963	0.001677	1.569119	0.800555	0.770242	
1.677473	0.001605	1.569192	0.746576	0.824221	
1.680983	0.001547	1.569249	0.693053	0.877743	
1.684493	0.001503	1.569293	0.640639	0.930157	
1.688004	0.001470	1.569326	0.589874	0.980922	
1.691514	0.001447	1.569349	0.541118	1.029678	
1.695024	0.001432	1.569364	0.494686	1.076111	
1.698342	0.001425	1.569372	0.453145	1.117652	
1.701659	0.001422	1.569374	0.413946	1.156850	
1.704976	0.001424	1.569373	0.377129	1.193667	
1.708294	0.001428	1.569368	0.342722	1.228074	
1.711611	0.001435	1.569362	0.310721	1.260075	
1.714929	0.001443	1.569354	0.281055	1.289741	
1.718246	0.001451	1.569345	0.253646	1.317150	
1.721563	0.001460	1.569336	0.228420	1.342377	
1.724589	0.001468	1.569329	0.207238	1.363558	
1.727616	0.001475	1.569321	0.187709	1.383087	
1.730642	0.001481	1.569315	0.169745	1.401051	
1.733668	0.001486	1.569310	0.153263	1.417534	
1.736623	0.001490	1.569306	0.138517	1.432279	
1.739578	0.001493	1.569304	0.125019	1.445777	
1.742533	0.001494	1.569302	0.112686	1.458110	
1.745489	0.001494	1.569303	0.101442	1.469354	
1.748324	0.001492	1.569304	0.091609	1.479188	
1.751159	0.001490	1.569307	0.082642	1.488155	
1.753995	0.001486	1.569311	0.074477	1.496319	
1.756830	0.001480	1.569316	0.067056	1.503740	
1.759942	0.001473	1.569323	0.059701	1.511095	
1.763055	0.001465	1.569331	0.053102	1.517695	
1.766167	0.001455	1.569341	0.047190	1.523606	
1.769279	0.001444	1.569352	0.041906	1.528891	
1.773104	0.001430	1.569367	0.036186	1.534611	
1.776929	0.001413	1.569383	0.031225	1.539572	
1.780755	0.001396	1.569401	0.026931	1.543866	
1.784580	0.001377	1.569419	0.023225	1.547572	
1.788976	0.001355	1.569442	0.019601	1.551196	
1.793373	0.001331	1.569465	0.016557	1.554239	
1.797770	0.001307	1.569489	0.014007	1.556789	
1.802166	0.001282	1.569514	0.011877	1.558919	
1.806613	0.001257	1.569539	0.010088	1.560709	
1.811060	0.001231	1.569565	0.008603	1.562193	
1.815507	0.001206	1.569590	0.007374	1.563422	
1.819954	0.001180	1.569616	0.006358	1.564438	
1.824439	0.001155	1.569642	0.005515	1.565281	
1.828923	0.001129	1.569667	0.004821	1.565975	
1.833408	0.001104	1.569692	0.004251	1.566546	
1.837893	0.001080	1.569717	0.003781	1.567015	
1.842446	0.001055	1.569741	0.003391	1.567406	
1.847000	0.001031	1.569765	0.003069	1.567727	
1.851554	0.001008	1.569789	0.002805	1.567991	
1.856107	0.000985	1.569812	0.002587	1.568210	
1.860210	0.000965	1.569832	0.002422	1.568374	
1.864312	0.000945	1.569852	0.002283	1.568514	
1.868415	0.000926	1.569871	0.002163	1.568633	
1.872517	0.000907	1.569890	0.002061	1.568735	
1.876400	0.000889	1.569907	0.001977	1.568820	
1.880282	0.000872	1.569924	0.001903	1.568893	
1.884165	0.000856	1.569941	0.001837	1.568959	
1.888047	0.000839	1.569957	0.001779	1.569017	
1.892128	0.000823	1.569974	0.001724	1.569072	
1.896209	0.000807	1.569990	0.001675	1.569122	
1.900290	0.000791	1.570006	0.001629	1.569167	
1.904371	0.000775	1.570021	0.001588	1.569209	
1.908448	0.000760	1.570036	0.001549	1.569247	
1.912526	0.000746	1.570051	0.001513	1.569283	
1.916604	0.000731	1.570065	0.001480	1.569317	
1.920681	0.000717	1.570079	0.001448	1.569349	
1.924085	0.000706	1.570091	0.001422	1.569374	
1.927490	0.000695	1.570102	0.001398	1.569398	
1.930894	0.000684	1.570113	0.001374	1.569422	
1.934298	0.000673	1.570123	0.001351	1.569445	
1.937845	0.000662	1.570134	0.001328	1.569468	
1.941391	0.000651	1.570145	0.001306	1.569490	
1.944938	0.000641	1.570155	0.001284	1.569512	
1.948484	0.000631	1.570166	0.001263	1.569533	
1.951903	0.000621	1.570175	0.001243	1.569553	
1.955322	0.000611	1.570185	0.001224	1.569572	
1.958740	0.000602	1.570194	0.001205	1.569591	
1.962159	0.000593	1.570203	0.001187	1.569610	
1.966024	0.000583	1.570213	0.001166	1.569630	
1.969889	0.000573	1.570223	0.001146	1.569650	
1.973754	0.000563	1.570233	0.001127	1.569669	
1.977619	0.000554	1.570243	0.001108	1.569689	
1.980839	0.000546	1.570250	0.001092	1.569704	
1.984059	0.000538	1.570258	0.001077	1.569719	
1.987280	0.000531	1.570265	0.001062	1.569734	
1.990500	0.000524	1.570273	0.001047	1.569749	
1.993644	0.000517	1.570280	0.001033	1.569763	
1.996788	0.000510	1.570287	0.001020	1.569777	
1.999932	0.000503	1.570293	0.001006	1.569790	
2.003076	0.000496	1.570300	0.000993	1.569804	
2.005995	0.000490	1.570306	0.000980	1.569816	
2.008914	0.000484	1.570312	0.000968	1.569828	
2.011833	0.000478	1.570318	0.000957	1.569840	
2.014752	0.000472	1.570324	0.000945	1.569851	
2.017424	0.000467	1.570329	0.000935	1.569862	
2.020097	0.000462	1.570334	0.000924	1.569872	
2.022769	0.000457	1.570339	0.000914	1.569882	
2.025442	0.000452	1.570344	0.000904	1.569892	
2.028665	0.000446	1.570350	0.000892	1.569904	
2.031887	0.000440	1.570356	0.000880	1.569916	
2.035110	0.000434	1.570362	0.000869	1.569928	
2.038332	0.000429	1.570368	0.000857	1.569939	
2.041464	0.000423	1.570373	0.000847	1.569950	
2.044596	0.000418	1.570378	0.000836	1.569960	
2.047728	0.000413	1.570384	0.000825	1.569971	
2.050860	0.000408	1.570389	0.000815	1.569981	
2.053894	0.000403	1.570394	0.000805	1.569991	
2.056928	0.000398	1.570399	0.000796	1.570001	
2.059962	0.000393	1.570403	0.000786	1.570010	
2.062996	0.000388	1.570408	0.000777	1.570020	
2.065852	0.000384	1.570412	0.000768	1.570028	
2.068708	0.000380	1.570417	0.000759	1.570037	
2.071564	0.000375	1.570421	0.000751	1.570045	
2.074420	0.000371	1.570425	0.000743	1.570054	
2.077499	0.000367	1.570429	0.000734	1.570063	
2.080577	0.000362	1.570434	0.000725	1.570071	
2.083656	0.000358	1.570438	0.000716	1.570080	
2.086735	0.000354	1.570442	0.000708	1.570088	
2.089656	0.000350	1.570446	0.000700	1.570096	
2.092576	0.000346	1.570450	0.000692	1.570104	
2.095496	0.000342	1.570454	0.000685	1.570112	
2.098417	0.000338	1.570458	0.000677	1.570119	
2.101559	0.000334	1.570462	0.000669	1.570127	
2.104701	0.000330	1.570466	0.000661	1.570135	
2.107842	0.000327	1.570470	0.000653	1.570143	
2.110984	0.000323	1.570474	0.000645	1.570151	
2.113525	0.000320	1.570477	0.000639	1.570157	
2.116065	0.000317	1.570480	0.000633	1.570163	
2.118606	0.000314	1.570483	0.000627	1.570169	
2.121146	0.000311	1.570486	0.000621	1.570175	
2.123628	0.000308	1.570488	0.000616	1.570181	
2.126109	0.000305	1.570491	0.000610	1.570186	
2.128591	0.000302	1.570494	0.000605	1.570192	
2.131072	0.000300	1.570497	0.000599	1.570197	
2.133782	0.000297	1.570500	0.000593	1.570203	
2.136491	0.000294	1.570503	0.000587	1.570209	
2.139200	0.000291	1.570506	0.000581	1.570215	
2.141909	0.000288	1.570508	0.000576	1.570221	
2.144193	0.000285	1.570511	0.000571	1.570225	
2.146477	0.000283	1.570513	0.000566	1.570230	
2.148761	0.000281	1.570516	0.000562	1.570235	
2.151045	0.000278	1.570518	0.000557	1.570239	
2.153342	0.000276	1.570520	0.000552	1.570244	
2.155639	0.000274	1.570522	0.000548	1.570249	
2.157936	0.000272	1.570525	0.000543	1.570253	
2.160233	0.000269	1.570527	0.000539	1.570257	
2.162455	0.000267	1.570529	0.000535	1.570262	
2.164677	0.000265	1.570531	0.000530	1.570266	
2.166899	0.000263	1.570533	0.000526	1.570270	
2.169122	0.000261	1.570535	0.000522	1.570274	
2.171352	0.000259	1.570537	0.000518	1.570278	
2.173581	0.000257	1.570539	0.000514	1.570282	
2.175811	0.000255	1.570541	0.000510	1.570286	
2.178041	0.000253	1.570543	0.000506	1.570290	
2.180515	0.000251	1.570546	0.000501	1.570295	
2.182989	0.000249	1.570548	0.000497	1.570299	
2.185464	0.000246	1.570550	0.000493	1.570303	
2.187938	0.000244	1.570552	0.000489	1.570308	
2.190344	0.000242	1.570554	0.000485	1.570312	
2.192749	0.000240	1.570556	0.000481	1.570316	
2.195155	0.000238	1.570558	0.000477	1.570320	
2.197560	0.000236	1.570560	0.000473	1.570324	
2.199733	0.000235	1.570562	0.000469	1.570327	
2.201905	0.000233	1.570564	0.000466	1.570331	
2.204078	0.000231	1.570565	0.000462	1.570334	
2.206250	0.000229	1.570567	0.000459	1.570338	
2.208938	0.000227	1.570569	0.000454	1.570342	
2.211626	0.000225	1.570571	0.000450	1.570346	
2.214314	0.000223	1.570573	0.000446	1.570350	
2.217002	0.000221	1.570575	0.000442	1.570354	
2.219348	0.000219	1.570577	0.000439	1.570358	
2.221693	0.000218	1.570579	0.000435	1.570361	
2.224039	0.000216	1.570580	0.000432	1.570365	
2.226385	0.000214	1.570582	0.000428	1.570368	
2.229122	0.000212	1.570584	0.000424	1.570372	
2.231860	0.000210	1.570586	0.000421	1.570376	
2.234598	0.000208	1.570588	0.000417	1.570380	
2.237335	0.000206	1.570590	0.000413	1.570383	
2.239548	0.000205	1.570591	0.000410	1.570386	
2.241760	0.000203	1.570593	0.000407	1.570389	
2.243973	0.000202	1.570594	0.000404	1.570392	
2.246185	0.000200	1.570596	0.000401	1.570395	
2.248399	0.000199	1.570597	0.000398	1.570398	
2.250614	0.000198	1.570599	0.000395	1.570401	
2.252828	0.000196	1.570600	0.000392	1.570404	
2.255042	0.000195	1.570602	0.000389	1.570407	
2.257339	0.000193	1.570603	0.000387	1.570410	
2.259635	0.000192	1.570605	0.000384	1.570413	
2.261932	0.000190	1.570606	0.000381	1.570416	
2.264229	0.000189	1.570607	0.000378	1.570418	
2.266304	0.000188	1.570609	0.000375	1.570421	
2.268379	0.000186	1.570610	0.000373	1.570423	
2.270454	0.000185	1.570611	0.000370	1.570426	
2.272529	0.000184	1.570612	0.000368	1.570428	
2.274379	0.000183	1.570613	0.000366	1.570431	
2.276229	0.000182	1.570615	0.000363	1.570433	
2.278079	0.000181	1.570616	0.000361	1.570435	
2.279929	0.000180	1.570617	0.000359	1.570437	
2.281908	0.000178	1.570618	0.000357	1.570439	
2.283887	0.000177	1.570619	0.000355	1.570442	
2.285866	0.000176	1.570620	0.000352	1.570444	
2.287845	0.000175	1.570621	0.000350	1.570446	
2.289799	0.000174	1.570622	0.000348	1.570448	
2.291752	0.000173	1.570623	0.000346	1.570450	
2.293705	0.000172	1.570624	0.000344	1.570453	
2.295658	0.000171	1.570626	0.000342	1.570455	
2.297443	0.000170	1.570626	0.000340	1.570457	
2.299229	0.000169	1.570627	0.000338	1.570459	
2.301014	0.000168	1.570628	0.000336	1.570460	
2.302800	0.000167	1.570629	0.000334	1.570462	
2.304967	0.000166	1.570630	0.000332	1.570465	
2.307135	0.000165	1.570632	0.000329	1.570467	
2.309302	0.000164	1.570633	0.000327	1.570469	
2.311470	0.000163	1.570634	0.000325	1.570471	
2.313326	0.000162	1.570635	0.000323	1.570473	
2.315181	0.000161	1.570636	0.000321	1.570475	
2.317037	0.000160	1.570637	0.000319	1.570477	
2.318893	0.000159	1.570638	0.000318	1.570479	
2.320848	0.000158	1.570638	0.000316	1.570481	
2.322803	0.000157	1.570639	0.000314	1.570483	
2.324758	0.000156	1.570640	0.000312	1.570484	
2.326713	0.000155	1.570641	0.000310	1.570486	
2.329013	0.000154	1.570642	0.000308	1.570489	
2.331313	0.000153	1.570644	0.000306	1.570491	
2.333613	0.000152	1.570645	0.000303	1.570493	
2.335913	0.000151	1.570646	0.000301	1.570495	
2.338021	0.000150	1.570647	0.000299	1.570497	
2.340129	0.000149	1.570648	0.000297	1.570499	
2.342237	0.000148	1.570649	0.000296	1.570501	
2.344345	0.000147	1.570649	0.000294	1.570503	
2.346106	0.000146	1.570650	0.000292	1.570504	
2.347868	0.000145	1.570651	0.000291	1.570506	
2.349629	0.000144	1.570652	0.000289	1.570507	
2.351390	0.000144	1.570653	0.000287	1.570509	
2.353427	0.000143	1.570653	0.000286	1.570511	
2.355465	0.000142	1.570654	0.000284	1.570512	
2.357502	0.000141	1.570655	0.000282	1.570514	
2.359540	0.000140	1.570656	0.000280	1.570516	
2.361577	0.000139	1.570657	0.000279	1.570518	
2.363615	0.000139	1.570658	0.000277	1.570519	
2.365652	0.000138	1.570659	0.000275	1.570521	
2.367690	0.000137	1.570659	0.000274	1.570523	
2.370235	0.000136	1.570661	0.000272	1.570525	
2.372781	0.000135	1.570662	0.000270	1.570527	
2.375326	0.000134	1.570663	0.000268	1.570529	
2.377872	0.000133	1.570664	0.000265	1.570531	
2.379963	0.000132	1.570664	0.000264	1.570532	
2.382055	0.000131	1.570665	0.000262	1.570534	
2.384147	0.000130	1.570666	0.000261	1.570536	
2.386239	0.000130	1.570667	0.000259	1.570537	
2.388551	0.000129	1.570668	0.000257	1.570539	
2.390863	0.000128	1.570669	0.000256	1.570541	
2.393175	0.000127	1.570669	0.000254	1.570543	
2.395487	0.000126	1.570670	0.000252	1.570544	
2.397436	0.000125	1.570671	0.000251	1.570546	
2.399386	0.000125	1.570672	0.000249	1.570547	
2.401335	0.000124	1.570672	0.000248	1.570549	
2.403284	0.000123	1.570673	0.000246	1.570550	
2.405450	0.000122	1.570674	0.000245	1.570551	
2.407617	0.000122	1.570675	0.000243	1.570553	
2.409783	0.000121	1.570675	0.000242	1.570555	
2.411949	0.000120	1.570676	0.000240	1.570556	
2.414195	0.000119	1.570677	0.000239	1.570558	
2.416441	0.000119	1.570678	0.000237	1.570559	
2.418687	0.000118	1.570678	0.000236	1.570561	
2.420933	0.000117	1.570679	0.000234	1.570562	
2.422948	0.000116	1.570680	0.000233	1.570564	
2.424963	0.000116	1.570681	0.000231	1.570565	
2.426978	0.000115	1.570681	0.000230	1.570566	
2.428993	0.000114	1.570682	0.000229	1.570568	
2.430958	0.000114	1.570683	0.000228	1.570569	
2.432922	0.000113	1.570683	0.000226	1.570570	
2.434887	0.000112	1.570684	0.000225	1.570571	
2.436852	0.000112	1.570684	0.000224	1.570573	
2.438534	0.000111	1.570685	0.000223	1.570574	
2.440217	0.000111	1.570686	0.000222	1.570575	
2.441899	0.000110	1.570686	0.000221	1.570576	
2.443581	0.000110	1.570687	0.000220	1.570577	
2.445500	0.000109	1.570687	0.000218	1.570578	
2.447418	0.000109	1.570688	0.000217	1.570579	
2.449336	0.000108	1.570688	0.000216	1.570580	
2.451254	0.000107	1.570689	0.000215	1.570582	
2.453291	0.000107	1.570690	0.000214	1.570583	
2.455328	0.000106	1.570690	0.000212	1.570584	
2.457365	0.000106	1.570691	0.000211	1.570585	
2.459402	0.000105	1.570691	0.000210	1.570586	
2.461071	0.000105	1.570692	0.000209	1.570587	
2.462740	0.000104	1.570692	0.000208	1.570588	
2.464409	0.000104	1.570693	0.000207	1.570589	
2.466078	0.000103	1.570693	0.000206	1.570590	
2.467911	0.000103	1.570694	0.000205	1.570591	
2.469745	0.000102	1.570694	0.000204	1.570592	
2.471578	0.000101	1.570695	0.000203	1.570593	
2.473411	0.000101	1.570695	0.000202	1.570594	
2.475132	0.000101	1.570696	0.000201	1.570595	
2.476852	0.000100	1.570696	0.000200	1.570596	
2.478573	0.000100	1.570697	0.000199	1.570597	
2.480294	0.000099	1.570697	0.000198	1.570598	
2.482064	0.000099	1.570698	0.000197	1.570599	
2.483835	0.000098	1.570698	0.000196	1.570600	
2.485605	0.000098	1.570699	0.000195	1.570601	
2.487376	0.000097	1.570699	0.000194	1.570602	
2.489140	0.000097	1.570700	0.000193	1.570603	
2.490905	0.000096	1.570700	0.000192	1.570604	
2.492670	0.000096	1.570701	0.000192	1.570605	
2.494434	0.000095	1.570701	0.000191	1.570606	
2.496376	0.000095	1.570702	0.000190	1.570607	
2.498319	0.000094	1.570702	0.000189	1.570608	
2.500261	0.000094	1.570703	0.000188	1.570609	
2.502203	0.000093	1.570703	0.000187	1.570610	
2.504368	0.000093	1.570704	0.000186	1.570611	
2.506533	0.000092	1.570704	0.000184	1.570612	
2.508698	0.000092	1.570705	0.000183	1.570613	
2.510863	0.000091	1.570705	0.000182	1.570614	
2.512732	0.000091	1.570706	0.000181	1.570615	
2.514602	0.000090	1.570706	0.000181	1.570616	
2.516471	0.000090	1.570707	0.000180	1.570617	
2.518341	0.000089	1.570707	0.000179	1.570618	
2.519902	0.000089	1.570707	0.000178	1.570618	
2.521464	0.000089	1.570708	0.000177	1.570619	
2.523025	0.000088	1.570708	0.000176	1.570620	
2.524587	0.000088	1.570708	0.000176	1.570621	
2.526276	0.000087	1.570709	0.000175	1.570621	
2.527965	0.000087	1.570709	0.000174	1.570622	
2.529654	0.000087	1.570710	0.000173	1.570623	
2.531344	0.000086	1.570710	0.000173	1.570624	
2.533157	0.000086	1.570710	0.000172	1.570625	
2.534971	0.000085	1.570711	0.000171	1.570625	
2.536784	0.000085	1.570711	0.000170	1.570626	
2.538597	0.000085	1.570712	0.000169	1.570627	
2.540357	0.000084	1.570712	0.000169	1.570628	
2.542117	0.000084	1.570712	0.000168	1.570629	
2.543877	0.000084	1.570713	0.000167	1.570629	
2.545637	0.000083	1.570713	0.000166	1.570630	
2.547471	0.000083	1.570714	0.000165	1.570631	
2.549304	0.000082	1.570714	0.000165	1.570632	
2.551137	0.000082	1.570714	0.000164	1.570632	
2.552971	0.000082	1.570715	0.000163	1.570633	
2.554617	0.000081	1.570715	0.000162	1.570634	
2.556263	0.000081	1.570715	0.000162	1.570635	
2.557910	0.000080	1.570716	0.000161	1.570635	
2.559556	0.000080	1.570716	0.000160	1.570636	
2.561349	0.000080	1.570717	0.000160	1.570637	
2.563141	0.000079	1.570717	0.000159	1.570638	
2.564934	0.000079	1.570717	0.000158	1.570638	
2.566726	0.000079	1.570718	0.000157	1.570639	
2.568403	0.000078	1.570718	0.000157	1.570640	
2.570079	0.000078	1.570718	0.000156	1.570640	
2.571755	0.000078	1.570719	0.000155	1.570641	
2.573432	0.000077	1.570719	0.000155	1.570642	
2.575216	0.000077	1.570719	0.000154	1.570642	
2.577001	0.000077	1.570720	0.000153	1.570643	
2.578785	0.000076	1.570720	0.000152	1.570644	
2.580569	0.000076	1.570720	0.000152	1.570645	
2.582105	0.000076	1.570721	0.000151	1.570645	
2.583641	0.000075	1.570721	0.000151	1.570646	
2.585176	0.000075	1.570721	0.000150	1.570646	
2.586712	0.000075	1.570722	0.000149	1.570647	
2.588247	0.000074	1.570722	0.000149	1.570647	
2.589783	0.000074	1.570722	0.000148	1.570648	
2.591318	0.000074	1.570722	0.000148	1.570649	
2.592854	0.000074	1.570723	0.000147	1.570649	
2.594284	0.000073	1.570723	0.000147	1.570650	
2.595715	0.000073	1.570723	0.000146	1.570650	
2.597146	0.000073	1.570724	0.000145	1.570651	
2.598576	0.000072	1.570724	0.000145	1.570651	
2.600095	0.000072	1.570724	0.000144	1.570652	
2.601613	0.000072	1.570724	0.000144	1.570652	
2.603132	0.000072	1.570725	0.000143	1.570653	
2.604650	0.000071	1.570725	0.000143	1.570654	
2.605959	0.000071	1.570725	0.000142	1.570654	
2.607267	0.000071	1.570725	0.000142	1.570655	
2.608575	0.000071	1.570726	0.000141	1.570655	
2.609884	0.000070	1.570726	0.000141	1.570655	
2.611529	0.000070	1.570726	0.000140	1.570656	
2.613174	0.000070	1.570726	0.000140	1.570657	
2.614819	0.000070	1.570727	0.000139	1.570657	
2.616464	0.000069	1.570727	0.000139	1.570658	
2.618051	0.000069	1.570727	0.000138	1.570658	
2.619638	0.000069	1.570728	0.000137	1.570659	
2.621224	0.000068	1.570728	0.000137	1.570659	
2.622811	0.000068	1.570728	0.000136	1.570660	
2.624237	0.000068	1.570728	0.000136	1.570660	
2.625663	0.000068	1.570729	0.000135	1.570661	
2.627089	0.000067	1.570729	0.000135	1.570661	
2.628515	0.000067	1.570729	0.000134	1.570662	
2.630300	0.000067	1.570729	0.000134	1.570662	
2.632085	0.000067	1.570730	0.000133	1.570663	
2.633870	0.000066	1.570730	0.000133	1.570664	
2.635655	0.000066	1.570730	0.000132	1.570664	
2.637100	0.000066	1.570731	0.000132	1.570665	
2.638545	0.000066	1.570731	0.000131	1.570665	
2.639990	0.000065	1.570731	0.000131	1.570666	
2.641435	0.000065	1.570731	0.000130	1.570666	
2.643109	0.000065	1.570731	0.000130	1.570667	
2.644782	0.000065	1.570732	0.000129	1.570667	
2.646456	0.000064	1.570732	0.000129	1.570668	
2.648129	0.000064	1.570732	0.000128	1.570668	
2.649478	0.000064	1.570732	0.000128	1.570669	
2.650827	0.000064	1.570733	0.000127	1.570669	
2.652176	0.000063	1.570733	0.000127	1.570670	
2.653525	0.000063	1.570733	0.000126	1.570670	
2.655162	0.000063	1.570733	0.000126	1.570670	
2.656800	0.000063	1.570734	0.000125	1.570671	
2.658437	0.000062	1.570734	0.000125	1.570671	
2.660074	0.000062	1.570734	0.000124	1.570672	
2.661688	0.000062	1.570734	0.000124	1.570672	
2.663302	0.000062	1.570735	0.000123	1.570673	
2.664915	0.000061	1.570735	0.000123	1.570673	
2.666529	0.000061	1.570735	0.000122	1.570674	
2.668544	0.000061	1.570735	0.000122	1.570674	
2.670559	0.000061	1.570736	0.000121	1.570675	
2.672575	0.000060	1.570736	0.000121	1.570676	
2.674590	0.000060	1.570736	0.000120	1.570676	
2.676212	0.000060	1.570737	0.000120	1.570677	
2.677833	0.000060	1.570737	0.000119	1.570677	
2.679455	0.000059	1.570737	0.000119	1.570678	
2.681077	0.000059	1.570737	0.000118	1.570678	
2.682487	0.000059	1.570737	0.000118	1.570679	
2.683898	0.000059	1.570738	0.000117	1.570679	
2.685308	0.000059	1.570738	0.000117	1.570679	
2.686718	0.000058	1.570738	0.000117	1.570680	
2.688183	0.000058	1.570738	0.000116	1.570680	
2.689647	0.000058	1.570738	0.000116	1.570681	
2.691111	0.000058	1.570739	0.000115	1.570681	
2.692576	0.000057	1.570739	0.000115	1.570681	
2.694347	0.000057	1.570739	0.000114	1.570682	
2.696118	0.000057	1.570739	0.000114	1.570682	
2.697889	0.000057	1.570740	0.000114	1.570683	
2.699660	0.000057	1.570740	0.000113	1.570683	
2.701455	0.000056	1.570740	0.000113	1.570684	
2.703249	0.000056	1.570740	0.000112	1.570684	
2.705044	0.000056	1.570741	0.000112	1.570685	
2.706838	0.000056	1.570741	0.000111	1.570685	
2.708406	0.000055	1.570741	0.000111	1.570686	
2.709973	0.000055	1.570741	0.000110	1.570686	
2.711540	0.000055	1.570741	0.000110	1.570686	
2.713108	0.000055	1.570742	0.000109	1.570687	
2.714559	0.000055	1.570742	0.000109	1.570687	
2.716011	0.000054	1.570742	0.000109	1.570688	
2.717462	0.000054	1.570742	0.000108	1.570688	
2.718913	0.000054	1.570742	0.000108	1.570688	
2.720416	0.000054	1.570743	0.000108	1.570689	
2.721919	0.000054	1.570743	0.000107	1.570689	
2.723421	0.000053	1.570743	0.000107	1.570689	
2.724924	0.000053	1.570743	0.000106	1.570690	
2.726362	0.000053	1.570743	0.000106	1.570690	
2.727801	0.000053	1.570743	0.000106	1.570691	
2.729239	0.000053	1.570744	0.000105	1.570691	
2.730678	0.000053	1.570744	0.000105	1.570691	
2.732195	0.000052	1.570744	0.000105	1.570692	
2.733712	0.000052	1.570744	0.000104	1.570692	
2.735229	0.000052	1.570744	0.000104	1.570692	
2.736746	0.000052	1.570745	0.000104	1.570693	
2.738198	0.000052	1.570745	0.000103	1.570693	
2.739651	0.000051	1.570745	0.000103	1.570693	
2.741104	0.000051	1.570745	0.000103	1.570694	
2.742556	0.000051	1.570745	0.000102	1.570694	
2.744111	0.000051	1.570745	0.000102	1.570694	
2.745665	0.000051	1.570746	0.000101	1.570695	
2.747220	0.000051	1.570746	0.000101	1.570695	
2.748775	0.000050	1.570746	0.000101	1.570696	
2.750329	0.000050	1.570746	0.000100	1.570696	
2.751884	0.000050	1.570746	0.000100	1.570696	
2.753438	0.000050	1.570747	0.000100	1.570697	
2.754993	0.000050	1.570747	0.000099	1.570697	
2.756352	0.000049	1.570747	0.000099	1.570697	
2.757710	0.000049	1.570747	0.000099	1.570698	
2.759068	0.000049	1.570747	0.000098	1.570698	
2.760427	0.000049	1.570747	0.000098	1.570698	
2.761634	0.000049	1.570747	0.000098	1.570699	
2.762842	0.000049	1.570748	0.000098	1.570699	
2.764049	0.000049	1.570748	0.000097	1.570699	
2.765257	0.000048	1.570748	0.000097	1.570699	
2.766429	0.000048	1.570748	0.000097	1.570700	
2.767601	0.000048	1.570748	0.000096	1.570700	
2.768773	0.000048	1.570748	0.000096	1.570700	
2.769944	0.000048	1.570748	0.000096	1.570700	
2.771353	0.000048	1.570749	0.000096	1.570701	
2.772761	0.000048	1.570749	0.000095	1.570701	
2.774169	0.000048	1.570749	0.000095	1.570701	
2.775577	0.000047	1.570749	0.000095	1.570702	
2.777022	0.000047	1.570749	0.000094	1.570702	
2.778467	0.000047	1.570749	0.000094	1.570702	
2.779912	0.000047	1.570749	0.000094	1.570703	
2.781357	0.000047	1.570750	0.000093	1.570703	
2.782758	0.000047	1.570750	0.000093	1.570703	
2.784158	0.000046	1.570750	0.000093	1.570703	
2.785559	0.000046	1.570750	0.000093	1.570704	
2.786960	0.000046	1.570750	0.000092	1.570704	
2.788566	0.000046	1.570750	0.000092	1.570704	
2.790171	0.000046	1.570751	0.000092	1.570705	
2.791777	0.000046	1.570751	0.000091	1.570705	
2.793383	0.000045	1.570751	0.000091	1.570705	
2.794810	0.000045	1.570751	0.000091	1.570706	
2.796237	0.000045	1.570751	0.000090	1.570706	
2.797664	0.000045	1.570751	0.000090	1.570706	
2.799091	0.000045	1.570751	0.000090	1.570707	
2.800667	0.000045	1.570752	0.000089	1.570707	
2.802243	0.000045	1.570752	0.000089	1.570707	
2.803820	0.000044	1.570752	0.000089	1.570707	
2.805396	0.000044	1.570752	0.000089	1.570708	
2.806722	0.000044	1.570752	0.000088	1.570708	
2.808048	0.000044	1.570752	0.000088	1.570708	
2.809375	0.000044	1.570752	0.000088	1.570709	
2.810701	0.000044	1.570753	0.000087	1.570709	
2.812100	0.000044	1.570753	0.000087	1.570709	
2.813498	0.000043	1.570753	0.000087	1.570709	
2.814896	0.000043	1.570753	0.000087	1.570710	
2.816295	0.000043	1.570753	0.000086	1.570710	
2.817492	0.000043	1.570753	0.000086	1.570710	
2.818690	0.000043	1.570753	0.000086	1.570710	
2.819887	0.000043	1.570753	0.000086	1.570711	
2.821085	0.000043	1.570754	0.000085	1.570711	
2.822402	0.000043	1.570754	0.000085	1.570711	
2.823718	0.000042	1.570754	0.000085	1.570711	
2.825035	0.000042	1.570754	0.000085	1.570712	
2.826351	0.000042	1.570754	0.000084	1.570712	
2.827483	0.000042	1.570754	0.000084	1.570712	
2.828615	0.000042	1.570754	0.000084	1.570712	
2.829747	0.000042	1.570754	0.000084	1.570712	
2.830878	0.000042	1.570755	0.000084	1.570713	
2.832190	0.000042	1.570755	0.000083	1.570713	
2.833502	0.000042	1.570755	0.000083	1.570713	
2.834813	0.000041	1.570755	0.000083	1.570713	
2.836125	0.000041	1.570755	0.000083	1.570714	
2.837306	0.000041	1.570755	0.000082	1.570714	
2.838487	0.000041	1.570755	0.000082	1.570714	
2.839668	0.000041	1.570755	0.000082	1.570714	
2.840849	0.000041	1.570755	0.000082	1.570714	
2.842025	0.000041	1.570756	0.000082	1.570715	
2.843201	0.000041	1.570756	0.000081	1.570715	
2.844378	0.000041	1.570756	0.000081	1.570715	
2.845554	0.000040	1.570756	0.000081	1.570715	
2.846790	0.000040	1.570756	0.000081	1.570716	
2.848026	0.000040	1.570756	0.000081	1.570716	
2.849263	0.000040	1.570756	0.000080	1.570716	
2.850499	0.000040	1.570756	0.000080	1.570716	
2.851634	0.000040	1.570756	0.000080	1.570716	
2.852768	0.000040	1.570756	0.000080	1.570717	
2.853903	0.000040	1.570757	0.000080	1.570717	
2.855038	0.000040	1.570757	0.000079	1.570717	
2.856126	0.000040	1.570757	0.000079	1.570717	
2.857213	0.000039	1.570757	0.000079	1.570717	
2.858300	0.000039	1.570757	0.000079	1.570718	
2.859388	0.000039	1.570757	0.000079	1.570718	
2.860741	0.000039	1.570757	0.000078	1.570718	
2.862093	0.000039	1.570757	0.000078	1.570718	
2.863446	0.000039	1.570757	0.000078	1.570718	
2.864799	0.000039	1.570757	0.000078	1.570719	
2.866065	0.000039	1.570758	0.000077	1.570719	
2.867330	0.000039	1.570758	0.000077	1.570719	
2.868596	0.000039	1.570758	0.000077	1.570719	
2.869861	0.000038	1.570758	0.000077	1.570720	
2.871241	0.000038	1.570758	0.000077	1.570720	
2.872621	0.000038	1.570758	0.000076	1.570720	
2.874001	0.000038	1.570758	0.000076	1.570720	
2.875381	0.000038	1.570758	0.000076	1.570720	
2.876682	0.000038	1.570758	0.000076	1.570721	
2.877982	0.000038	1.570759	0.000075	1.570721	
2.879283	0.000038	1.570759	0.000075	1.570721	
2.880584	0.000038	1.570759	0.000075	1.570721	
2.881870	0.000037	1.570759	0.000075	1.570721	
2.883155	0.000037	1.570759	0.000075	1.570722	
2.884440	0.000037	1.570759	0.000074	1.570722	
2.885726	0.000037	1.570759	0.000074	1.570722	
2.886945	0.000037	1.570759	0.000074	1.570722	
2.888165	0.000037	1.570759	0.000074	1.570722	
2.889384	0.000037	1.570760	0.000074	1.570723	
2.890604	0.000037	1.570760	0.000073	1.570723	
2.892001	0.000037	1.570760	0.000073	1.570723	
2.893398	0.000037	1.570760	0.000073	1.570723	
2.894796	0.000036	1.570760	0.000073	1.570724	
2.896193	0.000036	1.570760	0.000073	1.570724	
2.897410	0.000036	1.570760	0.000072	1.570724	
2.898628	0.000036	1.570760	0.000072	1.570724	
2.899845	0.000036	1.570760	0.000072	1.570724	
2.901063	0.000036	1.570760	0.000072	1.570724	
2.902265	0.000036	1.570761	0.000072	1.570725	
2.903467	0.000036	1.570761	0.000071	1.570725	
2.904670	0.000036	1.570761	0.000071	1.570725	
2.905872	0.000036	1.570761	0.000071	1.570725	
2.907129	0.000035	1.570761	0.000071	1.570725	
2.908387	0.000035	1.570761	0.000071	1.570726	
2.909644	0.000035	1.570761	0.000071	1.570726	
2.910902	0.000035	1.570761	0.000070	1.570726	
2.912047	0.000035	1.570761	0.000070	1.570726	
2.913193	0.000035	1.570761	0.000070	1.570726	
2.914338	0.000035	1.570761	0.000070	1.570726	
2.915484	0.000035	1.570761	0.000070	1.570727	
2.916646	0.000035	1.570762	0.000069	1.570727	
2.917807	0.000035	1.570762	0.000069	1.570727	
2.918969	0.000035	1.570762	0.000069	1.570727	
2.920131	0.000034	1.570762	0.000069	1.570727	
2.921254	0.000034	1.570762	0.000069	1.570728	
2.922377	0.000034	1.570762	0.000069	1.570728	
2.923500	0.000034	1.570762	0.000069	1.570728	
2.924623	0.000034	1.570762	0.000068	1.570728	
2.925900	0.000034	1.570762	0.000068	1.570728	
2.927178	0.000034	1.570762	0.000068	1.570728	
2.928455	0.000034	1.570762	0.000068	1.570729	
2.929733	0.000034	1.570763	0.000068	1.570729	
2.930921	0.000034	1.570763	0.000067	1.570729	
2.932109	0.000034	1.570763	0.000067	1.570729	
2.933297	0.000034	1.570763	0.000067	1.570729	
2.934485	0.000033	1.570763	0.000067	1.570729	
2.935674	0.000033	1.570763	0.000067	1.570730	
2.936862	0.000033	1.570763	0.000067	1.570730	
2.938050	0.000033	1.570763	0.000066	1.570730	
2.939238	0.000033	1.570763	0.000066	1.570730	
2.940421	0.000033	1.570763	0.000066	1.570730	
2.941603	0.000033	1.570763	0.000066	1.570730	
2.942786	0.000033	1.570763	0.000066	1.570731	
2.943969	0.000033	1.570764	0.000066	1.570731	
2.945411	0.000033	1.570764	0.000065	1.570731	
2.946854	0.000033	1.570764	0.000065	1.570731	
2.948296	0.000033	1.570764	0.000065	1.570731	
2.949738	0.000032	1.570764	0.000065	1.570731	
2.951001	0.000032	1.570764	0.000065	1.570732	
2.952263	0.000032	1.570764	0.000065	1.570732	
2.953525	0.000032	1.570764	0.000064	1.570732	
2.954787	0.000032	1.570764	0.000064	1.570732	
2.955915	0.000032	1.570764	0.000064	1.570732	
2.957044	0.000032	1.570764	0.000064	1.570732	
2.958172	0.000032	1.570764	0.000064	1.570733	
2.959301	0.000032	1.570765	0.000064	1.570733	
2.960463	0.000032	1.570765	0.000063	1.570733	
2.961626	0.000032	1.570765	0.000063	1.570733	
2.962789	0.000032	1.570765	0.000063	1.570733	
2.963952	0.000031	1.570765	0.000063	1.570733	
2.965273	0.000031	1.570765	0.000063	1.570734	
2.966594	0.000031	1.570765	0.000063	1.570734	
2.967916	0.000031	1.570765	0.000062	1.570734	
2.969237	0.000031	1.570765	0.000062	1.570734	
2.970531	0.000031	1.570765	0.000062	1.570734	
2.971825	0.000031	1.570765	0.000062	1.570734	
2.973119	0.000031	1.570765	0.000062	1.570735	
2.974412	0.000031	1.570766	0.000062	1.570735	
2.975510	0.000031	1.570766	0.000061	1.570735	
2.976608	0.000031	1.570766	0.000061	1.570735	
2.977705	0.000031	1.570766	0.000061	1.570735	
2.978803	0.000031	1.570766	0.000061	1.570735	
2.979921	0.000030	1.570766	0.000061	1.570735	
2.981038	0.000030	1.570766	0.000061	1.570736	
2.982156	0.000030	1.570766	0.000061	1.570736	
2.983273	0.000030	1.570766	0.000061	1.570736	
2.984519	0.000030	1.570766	0.000060	1.570736	
2.985765	0.000030	1.570766	0.000060	1.570736	
2.987010	0.000030	1.570766	0.000060	1.570736	
2.988256	0.000030	1.570766	0.000060	1.570736	
2.989491	0.000030	1.570766	0.000060	1.570737	
2.990725	0.000030	1.570767	0.000060	1.570737	
2.991960	0.000030	1.570767	0.000059	1.570737	
2.993194	0.000030	1.570767	0.000059	1.570737	
2.994248	0.000030	1.570767	0.000059	1.570737	
2.995301	0.000030	1.570767	0.000059	1.570737	
2.996354	0.000029	1.570767	0.000059	1.570737	
2.997408	0.000029	1.570767	0.000059	1.570738	
2.998056	0.000029	1.570767	0.000059	1.570738	
2.998704	0.000029	1.570767	0.000059	1.570738	
2.999352	0.000029	1.570767	0.000059	1.570738	
3.000000	0.000029	1.570767	0.000058	1.570738	
