0.000000	3.792238	2.221441	
0.010000	3.769913	2.243544	
0.020000	3.747368	2.265423	
0.030000	3.724605	2.287075	
0.040000	3.701627	2.308499	
0.050000	3.678436	2.329691	
0.060000	3.655034	2.350651	
0.070000	3.631424	2.371375	
0.080000	3.607607	2.391862	
0.090000	3.583587	2.412111	
0.100000	3.559366	2.432118	
0.110000	3.534946	2.451881	
0.120000	3.510329	2.471400	
0.130000	3.485518	2.490671	
0.140000	3.460516	2.509694	
0.150000	3.435325	2.528465	
0.160000	3.409948	2.546984	
0.170000	3.384387	2.565248	
0.180000	3.358644	2.583255	
0.190000	3.332722	2.601004	
0.200000	3.306625	2.618493	
0.210000	3.280353	2.635720	
0.220000	3.253911	2.652683	
0.230000	3.227301	2.669382	
0.240000	3.200524	2.685813	
0.250000	3.173585	2.701976	
0.260000	3.146486	2.717868	
0.270000	3.119229	2.733489	
0.280000	3.091817	2.748836	
0.290000	3.064253	2.763909	
0.300000	3.036540	2.778705	
0.310000	3.008680	2.793223	
0.320000	2.980676	2.807462	
0.330000	2.952531	2.821420	
0.340000	2.924249	2.835096	
0.350000	2.895830	2.848489	
0.360000	2.867280	2.861597	
0.370000	2.838599	2.874418	
0.380000	2.809792	2.886952	
0.390000	2.780861	2.899198	
0.400000	2.751809	2.911153	
0.410000	2.722639	2.922818	
0.420000	2.693354	2.934190	
0.430000	2.663956	2.945268	
0.440000	2.634450	2.956052	
0.450000	2.604836	2.966541	
0.460000	2.575120	2.976733	
0.470000	2.545303	2.986627	
0.480000	2.515388	2.996223	
0.490000	2.485379	3.005519	
0.500000	2.455279	3.014514	
0.510000	2.425090	3.023208	
0.520000	2.394816	3.031600	
0.530000	2.364459	3.039688	
0.540000	2.334023	3.047473	
0.550000	2.303511	3.054952	
0.560000	2.272925	3.062127	
0.570000	2.242269	3.068995	
0.580000	2.211546	3.075556	
0.590000	2.180759	3.081810	
0.600000	2.149911	3.087755	
0.610000	2.119005	3.093392	
0.620000	2.088044	3.098719	
0.630000	2.057032	3.103736	
0.640000	2.025970	3.108443	
0.650000	1.994864	3.112840	
0.660000	1.963715	3.116925	
0.670000	1.932526	3.120698	
0.680000	1.901302	3.124159	
0.690000	1.870044	3.127308	
0.700000	1.838757	3.130144	
0.710000	1.807442	3.132667	
0.720000	1.776104	3.134877	
0.730000	1.744746	3.136773	
0.740000	1.713370	3.138356	
0.750000	1.681980	3.139625	
0.760000	1.650578	3.140579	
0.770000	1.619169	3.141220	
0.780000	1.587755	3.141547	
0.790000	1.556339	3.141559	
0.800000	1.524925	3.141258	
0.810000	1.493515	3.140642	
0.820000	1.462113	3.139712	
0.830000	1.430722	3.138468	
0.840000	1.399345	3.136911	
0.850000	1.367985	3.135039	
0.860000	1.336645	3.132855	
0.870000	1.305329	3.130356	
0.880000	1.274039	3.127545	
0.890000	1.242779	3.124421	
0.900000	1.211552	3.120985	
0.910000	1.180360	3.117237	
0.920000	1.149208	3.113176	
0.930000	1.118098	3.108805	
0.940000	1.087033	3.104123	
0.950000	1.056016	3.099130	
0.960000	1.025051	3.093827	
0.970000	0.994141	3.088215	
0.980000	0.963288	3.082294	
0.990000	0.932496	3.076065	
1.000000	0.901768	3.069528	
1.010000	0.871106	3.062685	
1.020000	0.840515	3.055535	
1.030000	0.809997	3.048079	
1.040000	0.779554	3.040319	
1.050000	0.749191	3.032255	
1.060000	0.718910	3.023887	
1.070000	0.688715	3.015217	
1.080000	0.658607	3.006246	
1.090000	0.628591	2.996974	
1.100000	0.598669	2.987402	
1.110000	0.568844	2.977532	
1.120000	0.539119	2.967364	
1.130000	0.509497	2.956899	
1.140000	0.479982	2.946138	
1.150000	0.450576	2.935083	
1.160000	0.421281	2.923734	
1.170000	0.392102	2.912093	
1.180000	0.363040	2.900160	
1.190000	0.334100	2.887938	
1.200000	0.305283	2.875427	
1.210000	0.276592	2.862628	
1.220000	0.248031	2.849543	
1.230000	0.219602	2.836173	
1.240000	0.191308	2.822520	
1.250000	0.163153	2.808584	
1.260000	0.135138	2.794367	
1.270000	0.107266	2.779871	
1.280000	0.079541	2.765097	
1.290000	0.051965	2.750047	
1.300000	0.024541	2.734721	
1.310000	-0.002728	2.719122	
1.320000	-0.029840	2.703251	
1.330000	-0.056792	2.687110	
1.340000	-0.083582	2.670700	
1.350000	-0.110205	2.654023	
1.360000	-0.136661	2.637080	
1.370000	-0.162946	2.619874	
1.380000	-0.189058	2.602406	
1.390000	-0.214993	2.584678	
1.400000	-0.240751	2.566691	
1.410000	-0.266326	2.548447	
1.420000	-0.291719	2.529949	
1.430000	-0.316925	2.511198	
1.440000	-0.341942	2.492195	
1.450000	-0.366768	2.472944	
1.460000	-0.391400	2.453445	
1.470000	-0.415836	2.433700	
1.480000	-0.440073	2.413713	
1.490000	-0.464109	2.393484	
1.500000	-0.487942	2.373015	
1.510000	-0.511569	2.352310	
1.520000	-0.534987	2.331369	
1.530000	-0.558195	2.310195	
1.540000	-0.581190	2.288790	
1.550000	-0.603970	2.267156	
1.560000	-0.626533	2.245295	
1.570000	-0.648875	2.223210	
1.580000	-0.670996	2.200902	
1.590000	-0.692893	2.178375	
1.600000	-0.714563	2.155629	
1.610000	-0.736005	2.132668	
1.620000	-0.757216	2.109494	
1.630000	-0.778194	2.086109	
1.640000	-0.798937	2.062515	
1.650000	-0.819443	2.038715	
1.660000	-0.839711	2.014711	
1.670000	-0.859737	1.990506	
1.680000	-0.879520	1.966101	
1.690000	-0.899058	1.941500	
1.700000	-0.918350	1.916705	
1.710000	-0.937392	1.891718	
1.720000	-0.956183	1.866542	
1.730000	-0.974722	1.841179	
1.740000	-0.993006	1.815632	
1.750000	-1.011034	1.789904	
1.760000	-1.028804	1.763997	
1.770000	-1.046313	1.737913	
1.780000	-1.063561	1.711655	
1.790000	-1.080546	1.685227	
1.800000	-1.097265	1.658629	
1.810000	-1.113718	1.631866	
1.820000	-1.129902	1.604940	
1.830000	-1.145816	1.577853	
1.840000	-1.161459	1.550609	
1.850000	-1.176828	1.523209	
1.860000	-1.191922	1.495657	
1.870000	-1.206741	1.467956	
1.880000	-1.221281	1.440107	
1.890000	-1.235542	1.412115	
1.900000	-1.249523	1.383981	
1.910000	-1.263221	1.355709	
1.920000	-1.276637	1.327302	
1.930000	-1.289767	1.298762	
1.940000	-1.302611	1.270092	
1.950000	-1.315168	1.241295	
1.960000	-1.327437	1.212373	
1.970000	-1.339415	1.183331	
1.980000	-1.351103	1.154170	
1.990000	-1.362498	1.124894	
2.000000	-1.373601	1.095505	
2.010000	-1.384408	1.066007	
2.020000	-1.394920	1.036402	
2.030000	-1.405136	1.006694	
2.040000	-1.415054	0.976884	
2.050000	-1.424673	0.946978	
2.060000	-1.433993	0.916976	
2.070000	-1.443012	0.886883	
2.080000	-1.451730	0.856701	
2.090000	-1.460146	0.826433	
2.100000	-1.468259	0.796083	
2.110000	-1.476068	0.765653	
2.120000	-1.483572	0.735147	
2.130000	-1.490770	0.704567	
2.140000	-1.497663	0.673916	
2.150000	-1.504248	0.643199	
2.160000	-1.510526	0.612417	
2.170000	-1.516496	0.581573	
2.180000	-1.522158	0.550672	
2.190000	-1.527510	0.519715	
2.200000	-1.532552	0.488707	
2.210000	-1.537284	0.457649	
2.220000	-1.541705	0.426546	
2.230000	-1.545814	0.395400	
2.240000	-1.549613	0.364215	
2.250000	-1.553099	0.332993	
2.260000	-1.556272	0.301738	
2.270000	-1.559133	0.270453	
2.280000	-1.561681	0.239141	
2.290000	-1.563916	0.207804	
2.300000	-1.565837	0.176447	
2.310000	-1.567445	0.145073	
2.320000	-1.568739	0.113684	
2.330000	-1.569719	0.082283	
2.340000	-1.570384	0.050874	
2.350000	-1.570736	0.019460	
2.360000	-1.570774	-0.011955	
2.370000	-1.570497	-0.043370	
2.380000	-1.569906	-0.074780	
2.390000	-1.569001	-0.106183	
2.400000	-1.567783	-0.137575	
2.410000	-1.566250	-0.168953	
2.420000	-1.564404	-0.200315	
2.430000	-1.562244	-0.231656	
2.440000	-1.559771	-0.262975	
2.450000	-1.556984	-0.294267	
2.460000	-1.553885	-0.325529	
2.470000	-1.550474	-0.356759	
2.480000	-1.546750	-0.387954	
2.490000	-1.542715	-0.419109	
2.500000	-1.538368	-0.450223	
2.510000	-1.533711	-0.481291	
2.520000	-1.528742	-0.512312	
2.530000	-1.523464	-0.543281	
2.540000	-1.517877	-0.574196	
2.550000	-1.511981	-0.605054	
2.560000	-1.505776	-0.635851	
2.570000	-1.499264	-0.666584	
2.580000	-1.492445	-0.697251	
2.590000	-1.485319	-0.727848	
2.600000	-1.477888	-0.758372	
2.610000	-1.470152	-0.788821	
2.620000	-1.462112	-0.819190	
2.630000	-1.453768	-0.849478	
2.640000	-1.445123	-0.879680	
2.650000	-1.436175	-0.909795	
2.660000	-1.426927	-0.939819	
2.670000	-1.417379	-0.969748	
2.680000	-1.407532	-0.999581	
2.690000	-1.397388	-1.029314	
2.700000	-1.386946	-1.058944	
2.710000	-1.376209	-1.088468	
2.720000	-1.365177	-1.117883	
2.730000	-1.353852	-1.147186	
2.740000	-1.342234	-1.176375	
2.750000	-1.330325	-1.205446	
2.760000	-1.318126	-1.234397	
2.770000	-1.305637	-1.263224	
2.780000	-1.292861	-1.291924	
2.790000	-1.279799	-1.320496	
2.800000	-1.266452	-1.348935	
2.810000	-1.252821	-1.377240	
2.820000	-1.238908	-1.405407	
2.830000	-1.224713	-1.433433	
2.840000	-1.210240	-1.461316	
2.850000	-1.195488	-1.489053	
2.860000	-1.180459	-1.516641	
2.870000	-1.165155	-1.544077	
2.880000	-1.149578	-1.571359	
2.890000	-1.133729	-1.598483	
2.900000	-1.117609	-1.625448	
2.910000	-1.101220	-1.652251	
2.920000	-1.084564	-1.678888	
2.930000	-1.067643	-1.705357	
2.940000	-1.050458	-1.731656	
2.950000	-1.033010	-1.757781	
2.960000	-1.015303	-1.783731	
2.970000	-0.997336	-1.809502	
2.980000	-0.979113	-1.835093	
2.990000	-0.960635	-1.860500	
3.000000	-0.941904	-1.885721	
