0.000000	3.792238	2.221441	
0.000001	3.792238	2.221441	
0.000001	3.792238	2.221441	
0.000002	3.792238	2.221441	
0.000002	3.792238	2.221441	
0.000003	3.792238	2.221441	
0.000004	3.792238	2.221441	
0.000004	3.792238	2.221441	
0.000005	3.792238	2.221441	
0.000006	3.792238	2.221441	
0.000007	3.792238	2.221441	
0.000008	3.792238	2.221441	
0.000009	3.792238	2.221441	
0.000009	3.792238	2.221441	
0.000010	3.792238	2.221441	
0.000011	3.792238	2.221441	
0.000012	3.792238	2.221441	
0.000013	3.792238	2.221441	
0.000014	3.792238	2.221441	
0.000014	3.792238	2.221441	
0.000015	3.792238	2.221441	
0.000016	3.792238	2.221441	
0.000016	3.792238	2.221441	
0.000017	3.792238	2.221441	
0.000017	3.792238	2.221441	
0.000018	3.792238	2.221441	
0.000019	3.792238	2.221441	
0.000019	3.792238	2.221441	
0.000020	3.792238	2.221441	
0.000020	3.792238	2.221441	
0.000021	3.792238	2.221441	
0.000021	3.792238	2.221441	
0.000022	3.792238	2.221441	
0.000022	3.792238	2.221441	
0.000023	3.792238	2.221441	
0.000023	3.792238	2.221441	
0.000024	3.792238	2.221441	
0.000025	3.792238	2.221441	
0.000027	3.792238	2.221441	
0.000028	3.792238	2.221441	
0.000030	3.792238	2.221441	
0.000031	3.792238	2.221441	
0.000033	3.792238	2.221441	
0.000034	3.792238	2.221441	
0.000036	3.792238	2.221441	
0.000037	3.792238	2.221441	
0.000038	3.792238	2.221441	
0.000039	3.792238	2.221441	
0.000040	3.792238	2.221441	
0.000041	3.792238	2.221441	
0.000041	3.792238	2.221441	
0.000042	3.792238	2.221441	
0.000043	3.792238	2.221441	
0.000044	3.792238	2.221441	
0.000045	3.792238	2.221441	
0.000045	3.792238	2.221441	
0.000046	3.792238	2.221441	
0.000047	3.792238	2.221441	
0.000047	3.792238	2.221441	
0.000048	3.792238	2.221441	
0.000049	3.792238	2.221441	
0.000049	3.792238	2.221441	
0.000050	3.792238	2.221441	
0.000051	3.792238	2.221441	
0.000051	3.792238	2.221441	
0.000052	3.792238	2.221441	
0.000053	3.792238	2.221441	
0.000054	3.792238	2.221441	
0.000055	3.792238	2.221441	
0.000055	3.792238	2.221441	
0.000056	3.792238	2.221441	
0.000056	3.792238	2.221441	
0.000056	3.792238	2.221441	
0.000056	3.792238	2.221441	
0.000056	3.792238	2.221441	
0.000057	3.792238	2.221441	
0.000057	3.792238	2.221441	
0.000057	3.792238	2.221441	
0.000057	3.792238	2.221441	
0.000057	3.792238	2.221441	
0.000057	3.792238	2.221441	
0.000057	3.792238	2.221441	
0.000057	3.792238	2.221441	
0.000057	3.792238	2.221441	
0.000057	3.792238	2.221441	
0.000057	3.792238	2.221441	
0.000057	3.792238	2.221441	
0.000057	3.792238	2.221441	
0.000058	3.792238	2.221441	
0.000058	3.792238	2.221441	
0.000058	3.792238	2.221441	
0.000058	3.792238	2.221441	
0.000058	3.792238	2.221441	
0.000058	3.792238	2.221441	
0.000058	3.792238	2.221441	
0.000058	3.792238	2.221441	
0.000058	3.792238	2.221441	
0.000058	3.792238	2.221441	
0.000058	3.792238	2.221441	
0.000058	3.792238	2.221441	
0.000058	3.792238	2.221441	
0.000058	3.792238	2.221441	
0.000058	3.792238	2.221441	
0.000058	3.792238	2.221441	
0.000058	3.792238	2.221441	
0.000059	3.792238	2.221441	
0.000059	3.792238	2.221441	
0.000059	3.792238	2.221441	
0.000059	3.792238	2.221441	
0.000059	3.792238	2.221441	
0.000059	3.792238	2.221441	
0.000060	3.792238	2.221441	
0.000060	3.792238	2.221441	
0.000060	3.792238	2.221441	
0.000060	3.792238	2.221441	
0.000060	3.792238	2.221441	
0.000060	3.792238	2.221441	
0.000060	3.792238	2.221441	
0.000060	3.792238	2.221441	
0.000060	3.792238	2.221441	
0.000060	3.792238	2.221441	
0.000060	3.792238	2.221441	
0.000060	3.792238	2.221441	
0.000060	3.792238	2.221441	
0.000060	3.792238	2.221441	
0.000060	3.792238	2.221441	
0.000060	3.792238	2.221441	
0.000060	3.792238	2.221441	
0.000060	3.792238	2.221441	
0.000060	3.792238	2.221441	
0.000060	3.792238	2.221441	
0.000060	3.792238	2.221441	
0.000060	3.792238	2.221441	
0.000060	3.792238	2.221441	
0.000060	3.792238	2.221441	
0.000061	3.792238	2.221441	
0.000061	3.792238	2.221441	
0.000061	3.792238	2.221441	
0.000061	3.792238	2.221441	
0.000062	3.792238	2.221441	
0.000062	3.792238	2.221441	
0.000063	3.792238	2.221441	
0.000065	3.792238	2.221441	
0.000067	3.792238	2.221441	
0.000068	3.792238	2.221441	
0.000072	3.792238	2.221441	
0.000076	3.792238	2.221441	
0.000080	3.792238	2.221441	
0.000083	3.792238	2.221441	
0.000085	3.792238	2.221441	
0.000086	3.792238	2.221441	
0.000087	3.792238	2.221441	
0.000088	3.792238	2.221441	
0.000089	3.792238	2.221441	
0.000090	3.792238	2.221441	
0.000091	3.792238	2.221441	
0.000092	3.792238	2.221441	
0.000093	3.792238	2.221441	
0.000094	3.792238	2.221441	
0.000095	3.792238	2.221441	
0.000096	3.792238	2.221441	
0.000097	3.792238	2.221441	
0.000098	3.792238	2.221441	
0.000100	3.792238	2.221441	
0.000101	3.792238	2.221441	
0.000103	3.792238	2.221441	
0.000105	3.792238	2.221441	
0.000107	3.792238	2.221441	
0.000108	3.792238	2.221441	
0.000113	3.792238	2.221441	
0.000117	3.792238	2.221441	
0.000121	3.792238	2.221441	
0.000125	3.792238	2.221441	
0.000127	3.792238	2.221441	
0.000128	3.792238	2.221441	
0.000130	3.792238	2.221441	
0.000131	3.792238	2.221441	
0.000132	3.792238	2.221441	
0.000133	3.792238	2.221441	
0.000135	3.792238	2.221441	
0.000136	3.792238	2.221441	
0.000137	3.792238	2.221441	
0.000138	3.792238	2.221441	
0.000139	3.792238	2.221441	
0.000140	3.792238	2.221441	
0.000141	3.792238	2.221441	
0.000141	3.792238	2.221441	
0.000142	3.792238	2.221441	
0.000142	3.792238	2.221441	
0.000143	3.792238	2.221441	
0.000144	3.792238	2.221441	
0.000144	3.792238	2.221441	
0.000145	3.792238	2.221441	
0.000148	3.792238	2.221441	
0.000151	3.792238	2.221441	
0.000154	3.792238	2.221441	
0.000156	3.792238	2.221441	
0.000159	3.792238	2.221441	
0.000161	3.792238	2.221441	
0.000163	3.792238	2.221441	
0.000165	3.792238	2.221441	
0.000168	3.792238	2.221441	
0.000170	3.792238	2.221441	
0.000172	3.792238	2.221441	
0.000174	3.792238	2.221441	
0.000176	3.792238	2.221441	
0.000178	3.792238	2.221441	
0.000179	3.792238	2.221441	
0.000181	3.792238	2.221441	
0.000182	3.792238	2.221441	
0.000183	3.792238	2.221441	
0.000184	3.792238	2.221441	
0.000186	3.792238	2.221441	
0.000186	3.792238	2.221441	
0.000187	3.792238	2.221441	
0.000187	3.792238	2.221441	
0.000187	3.792238	2.221441	
0.000188	3.792238	2.221441	
0.000188	3.792238	2.221441	
0.000188	3.792238	2.221441	
0.000188	3.792238	2.221441	
0.000188	3.792238	2.221441	
0.000188	3.792238	2.221441	
0.000188	3.792238	2.221441	
0.000188	3.792238	2.221441	
0.000189	3.792238	2.221441	
0.000189	3.792238	2.221441	
0.000189	3.792238	2.221441	
0.000189	3.792238	2.221441	
0.000189	3.792238	2.221441	
0.000189	3.792238	2.221441	
0.000189	3.792238	2.221441	
0.000189	3.792238	2.221441	
0.000189	3.792238	2.221441	
0.000189	3.792238	2.221441	
0.000189	3.792238	2.221441	
0.000189	3.792238	2.221441	
0.000189	3.792238	2.221441	
0.000189	3.792238	2.221441	
0.000189	3.792238	2.221441	
0.000189	3.792238	2.221441	
0.000189	3.792238	2.221441	
0.000189	3.792238	2.221441	
0.000190	3.792238	2.221441	
0.000190	3.792238	2.221441	
0.000190	3.792238	2.221441	
0.000190	3.792238	2.221441	
0.000190	3.792238	2.221441	
0.000190	3.792238	2.221441	
0.000190	3.792238	2.221441	
0.000190	3.792238	2.221441	
0.000190	3.792238	2.221441	
0.000190	3.792238	2.221441	
0.000190	3.792238	2.221441	
0.000190	3.792238	2.221441	
0.000190	3.792238	2.221441	
0.000190	3.792238	2.221441	
0.000190	3.792238	2.221441	
0.000190	3.792238	2.221441	
0.000190	3.792238	2.221441	
0.000190	3.792238	2.221441	
0.000190	3.792238	2.221441	
0.000190	3.792238	2.221441	
0.000190	3.792238	2.221441	
0.000190	3.792238	2.221441	
0.000190	3.792238	2.221441	
0.000190	3.792238	2.221441	
0.000190	3.792238	2.221441	
0.000190	3.792238	2.221441	
0.000190	3.792238	2.221441	
0.000190	3.792238	2.221441	
0.000190	3.792238	2.221441	
0.000190	3.792238	2.221441	
0.000190	3.792238	2.221441	
0.000191	3.792238	2.221441	
0.000191	3.792238	2.221441	
0.000191	3.792238	2.221441	
0.000191	3.792238	2.221441	
0.000191	3.792238	2.221441	
0.000191	3.792238	2.221441	
0.000191	3.792238	2.221441	
0.000191	3.792238	2.221441	
0.000191	3.792238	2.221441	
0.000191	3.792238	2.221441	
0.000191	3.792238	2.221441	
0.000192	3.792238	2.221441	
0.000192	3.792238	2.221441	
0.000192	3.792238	2.221441	
0.000192	3.792238	2.221441	
0.000192	3.792238	2.221441	
0.000193	3.792238	2.221441	
0.000193	3.792238	2.221441	
0.000193	3.792238	2.221441	
0.000194	3.792238	2.221441	
0.000194	3.792238	2.221441	
0.000195	3.792238	2.221441	
0.000195	3.792238	2.221441	
0.000196	3.792238	2.221441	
0.000197	3.792238	2.221441	
0.000198	3.792238	2.221441	
0.000199	3.792238	2.221441	
0.000201	3.792238	2.221441	
0.000203	3.792238	2.221441	
0.000205	3.792238	2.221441	
0.000207	3.792238	2.221441	
0.000216	3.792238	2.221441	
0.000226	3.792238	2.221441	
0.000235	3.792238	2.221441	
0.000245	3.792238	2.221441	
0.000271	3.792238	2.221441	
0.000297	3.792238	2.221441	
0.000322	3.792238	2.221441	
0.000348	3.792238	2.221441	
0.000364	3.792238	2.221441	
0.000379	3.792238	2.221441	
0.000395	3.792238	2.221441	
0.000410	3.792238	2.221441	
0.000421	3.792238	2.221441	
0.000433	3.792238	2.221441	
0.000444	3.792238	2.221441	
0.000455	3.792238	2.221441	
0.000459	3.792238	2.221441	
0.000463	3.792238	2.221441	
0.000467	3.792238	2.221441	
0.000471	3.792238	2.221441	
0.000472	3.792238	2.221441	
0.000474	3.792238	2.221441	
0.000475	3.792238	2.221441	
0.000477	3.792238	2.221441	
0.000477	3.792238	2.221441	
0.000477	3.792238	2.221441	
0.000478	3.792238	2.221441	
0.000478	3.792238	2.221441	
0.000479	3.792238	2.221441	
0.000479	3.792238	2.221441	
0.000480	3.792238	2.221441	
0.000480	3.792238	2.221441	
0.000480	3.792238	2.221441	
0.000481	3.792238	2.221441	
0.000481	3.792238	2.221441	
0.000481	3.792238	2.221441	
0.000481	3.792238	2.221441	
0.000482	3.792238	2.221441	
0.000482	3.792238	2.221441	
0.000482	3.792238	2.221441	
0.000482	3.792238	2.221441	
0.000482	3.792238	2.221441	
0.000483	3.792238	2.221441	
0.000483	3.792238	2.221441	
0.000483	3.792238	2.221441	
0.000483	3.792238	2.221441	
0.000483	3.792238	2.221441	
0.000483	3.792238	2.221441	
0.000483	3.792238	2.221441	
0.000483	3.792238	2.221441	
0.000483	3.792238	2.221441	
0.000483	3.792238	2.221441	
0.000483	3.792238	2.221441	
0.000483	3.792238	2.221441	
0.000483	3.792238	2.221441	
0.000483	3.792238	2.221441	
0.000483	3.792238	2.221441	
0.000483	3.792238	2.221441	
0.000483	3.792238	2.221441	
0.000483	3.792238	2.221441	
0.000483	3.792238	2.221441	
0.000483	3.792238	2.221441	
0.000483	3.792238	2.221441	
0.000483	3.792238	2.221441	
0.000483	3.792238	2.221441	
0.000483	3.792238	2.221441	
0.000483	3.792238	2.221441	
0.000483	3.792238	2.221441	
0.000483	3.792238	2.221441	
0.000483	3.792238	2.221441	
0.000483	3.792238	2.221441	
0.000483	3.792238	2.221441	
0.000483	3.792238	2.221441	
0.000483	3.792238	2.221441	
0.000483	3.792238	2.221441	
0.000483	3.792238	2.221441	
0.000483	3.792238	2.221441	
0.000483	3.792238	2.221441	
0.000483	3.792238	2.221441	
0.000483	3.792238	2.221441	
0.000483	3.792238	2.221441	
0.000483	3.792238	2.221441	
0.000483	3.792238	2.221441	
0.000483	3.792238	2.221441	
0.000483	3.792238	2.221441	
0.000483	3.792238	2.221441	
0.000483	3.792238	2.221441	
0.000483	3.792238	2.221441	
0.000484	3.792238	2.221441	
0.000484	3.792238	2.221441	
0.000484	3.792238	2.221441	
0.000484	3.792238	2.221441	
0.000484	3.792238	2.221441	
0.000484	3.792238	2.221441	
0.000484	3.792238	2.221441	
0.000485	3.792238	2.221441	
0.000485	3.792238	2.221441	
0.000485	3.792238	2.221441	
0.000485	3.792238	2.221441	
0.000485	3.792238	2.221441	
0.000485	3.792238	2.221441	
0.000485	3.792238	2.221441	
0.000485	3.792238	2.221441	
0.000485	3.792238	2.221441	
0.000485	3.792238	2.221441	
0.000485	3.792238	2.221441	
0.000485	3.792238	2.221441	
0.000485	3.792238	2.221441	
0.000486	3.792238	2.221441	
0.000486	3.792238	2.221441	
0.000486	3.792238	2.221441	
0.000486	3.792238	2.221441	
0.000486	3.792238	2.221441	
0.000486	3.792238	2.221441	
0.000486	3.792238	2.221441	
0.000486	3.792238	2.221441	
0.000486	3.792238	2.221441	
0.000486	3.792238	2.221441	
0.000487	3.792238	2.221441	
0.000487	3.792238	2.221441	
0.000487	3.792238	2.221441	
0.000487	3.792238	2.221441	
0.000487	3.792238	2.221441	
0.000487	3.792238	2.221441	
0.000487	3.792238	2.221441	
0.000487	3.792238	2.221441	
0.000487	3.792238	2.221441	
0.000487	3.792238	2.221441	
0.000487	3.792238	2.221441	
0.000487	3.792238	2.221441	
0.000487	3.792238	2.221441	
0.000487	3.792238	2.221441	
0.000487	3.792238	2.221441	
0.000487	3.792238	2.221441	
0.000487	3.792238	2.221441	
0.000487	3.792238	2.221441	
0.000487	3.792238	2.221441	
0.000487	3.792238	2.221441	
0.000487	3.792238	2.221441	
0.000487	3.792238	2.221441	
0.000488	3.792238	2.221441	
0.000488	3.792238	2.221441	
0.000488	3.792238	2.221441	
0.000488	3.792238	2.221441	
0.000488	3.792238	2.221441	
0.000489	3.792238	2.221441	
0.000489	3.792238	2.221441	
0.000490	3.792238	2.221441	
0.000493	3.792238	2.221441	
0.000495	3.792238	2.221441	
0.000498	3.792238	2.221441	
0.000501	3.792238	2.221441	
0.000514	3.792238	2.221441	
0.000527	3.792238	2.221441	
0.000540	3.792238	2.221441	
0.000553	3.792238	2.221441	
0.000564	3.792238	2.221441	
0.000575	3.792238	2.221440	
0.000585	3.792238	2.221440	
0.000596	3.792238	2.221440	
0.000607	3.792238	2.221440	
0.000618	3.792238	2.221440	
0.000629	3.792238	2.221440	
0.000640	3.792238	2.221440	
0.000689	3.792238	2.221440	
0.000738	3.792238	2.221440	
0.000788	3.792238	2.221439	
0.000837	3.792238	2.221439	
0.000864	3.792238	2.221439	
0.000891	3.792238	2.221439	
0.000919	3.792238	2.221439	
0.000946	3.792238	2.221438	
0.000957	3.792238	2.221438	
0.000969	3.792238	2.221438	
0.000981	3.792238	2.221438	
0.000993	3.792238	2.221438	
0.000996	3.792238	2.221438	
0.000998	3.792238	2.221438	
0.001001	3.792238	2.221438	
0.001004	3.792238	2.221438	
0.001007	3.792238	2.221438	
0.001010	3.792238	2.221438	
0.001013	3.792238	2.221438	
0.001016	3.792238	2.221438	
0.001018	3.792238	2.221438	
0.001021	3.792238	2.221438	
0.001023	3.792238	2.221438	
0.001026	3.792238	2.221438	
0.001028	3.792238	2.221438	
0.001030	3.792238	2.221438	
0.001031	3.792238	2.221438	
0.001033	3.792238	2.221438	
0.001034	3.792238	2.221438	
0.001035	3.792238	2.221438	
0.001035	3.792238	2.221438	
0.001036	3.792238	2.221438	
0.001037	3.792238	2.221438	
0.001037	3.792238	2.221438	
0.001038	3.792238	2.221438	
0.001039	3.792238	2.221438	
0.001042	3.792238	2.221438	
0.001046	3.792238	2.221438	
0.001049	3.792238	2.221438	
0.001052	3.792238	2.221438	
0.001066	3.792238	2.221438	
0.001080	3.792238	2.221437	
0.001094	3.792238	2.221437	
0.001108	3.792238	2.221437	
0.001120	3.792238	2.221437	
0.001131	3.792238	2.221437	
0.001143	3.792238	2.221437	
0.001154	3.792238	2.221437	
0.001181	3.792238	2.221437	
0.001208	3.792238	2.221437	
0.001234	3.792238	2.221436	
0.001261	3.792238	2.221436	
0.001271	3.792238	2.221436	
0.001281	3.792238	2.221436	
0.001292	3.792238	2.221436	
0.001302	3.792238	2.221436	
0.001312	3.792238	2.221436	
0.001322	3.792238	2.221436	
0.001332	3.792238	2.221436	
0.001343	3.792238	2.221436	
0.001383	3.792238	2.221435	
0.001424	3.792238	2.221435	
0.001465	3.792238	2.221435	
0.001505	3.792238	2.221434	
0.001538	3.792238	2.221434	
0.001571	3.792238	2.221434	
0.001604	3.792237	2.221433	
0.001637	3.792237	2.221433	
0.001670	3.792237	2.221433	
0.001703	3.792237	2.221432	
0.001736	3.792237	2.221432	
0.001769	3.792237	2.221432	
0.001800	3.792237	2.221432	
0.001831	3.792237	2.221431	
0.001862	3.792237	2.221431	
0.001893	3.792237	2.221431	
0.001924	3.792237	2.221430	
0.001955	3.792237	2.221430	
0.001986	3.792237	2.221430	
0.002017	3.792237	2.221429	
0.002172	3.792236	2.221428	
0.002327	3.792236	2.221426	
0.002482	3.792235	2.221424	
0.002636	3.792234	2.221422	
0.002860	3.792233	2.221420	
0.003084	3.792232	2.221417	
0.003308	3.792230	2.221414	
0.003532	3.792228	2.221411	
0.003598	3.792227	2.221410	
0.003665	3.792227	2.221409	
0.003731	3.792226	2.221408	
0.003798	3.792225	2.221408	
0.003864	3.792224	2.221407	
0.003931	3.792224	2.221406	
0.003997	3.792223	2.221405	
0.004064	3.792222	2.221404	
0.004118	3.792221	2.221403	
0.004172	3.792220	2.221403	
0.004227	3.792220	2.221402	
0.004281	3.792219	2.221401	
0.004367	3.792218	2.221400	
0.004454	3.792216	2.221399	
0.004540	3.792215	2.221398	
0.004626	3.792213	2.221397	
0.004982	3.792206	2.221392	
0.005338	3.792199	2.221388	
0.005694	3.792189	2.221384	
0.006050	3.792179	2.221381	
0.006230	3.792173	2.221380	
0.006410	3.792167	2.221378	
0.006590	3.792161	2.221377	
0.006770	3.792154	2.221376	
0.006784	3.792153	2.221376	
0.006798	3.792153	2.221376	
0.006812	3.792152	2.221376	
0.006826	3.792152	2.221376	
0.006835	3.792151	2.221376	
0.006845	3.792151	2.221376	
0.006855	3.792150	2.221376	
0.006864	3.792150	2.221376	
0.006870	3.792150	2.221376	
0.006875	3.792150	2.221376	
0.006881	3.792149	2.221376	
0.006887	3.792149	2.221376	
0.006891	3.792149	2.221376	
0.006895	3.792149	2.221376	
0.006899	3.792149	2.221376	
0.006903	3.792148	2.221376	
0.006907	3.792148	2.221376	
0.006911	3.792148	2.221375	
0.006916	3.792148	2.221375	
0.006920	3.792148	2.221375	
0.006921	3.792148	2.221375	
0.006923	3.792148	2.221375	
0.006924	3.792148	2.221375	
0.006925	3.792147	2.221375	
0.006927	3.792147	2.221375	
0.006928	3.792147	2.221375	
0.006929	3.792147	2.221375	
0.006931	3.792147	2.221375	
0.006932	3.792147	2.221375	
0.006934	3.792147	2.221375	
0.006936	3.792147	2.221375	
0.006938	3.792147	2.221375	
0.006941	3.792147	2.221375	
0.006944	3.792147	2.221375	
0.006947	3.792147	2.221375	
0.006950	3.792146	2.221375	
0.006953	3.792146	2.221375	
0.006956	3.792146	2.221375	
0.006959	3.792146	2.221375	
0.006962	3.792146	2.221375	
0.006964	3.792146	2.221375	
0.006967	3.792146	2.221375	
0.006969	3.792146	2.221375	
0.006972	3.792146	2.221375	
0.006974	3.792145	2.221375	
0.006976	3.792145	2.221375	
0.006978	3.792145	2.221375	
0.006980	3.792145	2.221375	
0.006986	3.792145	2.221375	
0.006992	3.792145	2.221375	
0.006998	3.792144	2.221375	
0.007005	3.792144	2.221375	
0.007011	3.792144	2.221375	
0.007017	3.792144	2.221375	
0.007023	3.792143	2.221375	
0.007029	3.792143	2.221375	
0.007031	3.792143	2.221375	
0.007033	3.792143	2.221375	
0.007035	3.792143	2.221375	
0.007037	3.792143	2.221375	
0.007039	3.792143	2.221375	
0.007041	3.792143	2.221375	
0.007043	3.792143	2.221375	
0.007045	3.792142	2.221375	
0.007056	3.792142	2.221375	
0.007066	3.792142	2.221375	
0.007076	3.792141	2.221375	
0.007086	3.792141	2.221375	
0.007089	3.792141	2.221375	
0.007092	3.792140	2.221375	
0.007095	3.792140	2.221375	
0.007098	3.792140	2.221375	
0.007101	3.792140	2.221375	
0.007103	3.792140	2.221375	
0.007106	3.792140	2.221375	
0.007109	3.792140	2.221375	
0.007112	3.792140	2.221375	
0.007114	3.792139	2.221375	
0.007117	3.792139	2.221375	
0.007119	3.792139	2.221375	
0.007121	3.792139	2.221375	
0.007124	3.792139	2.221375	
0.007126	3.792139	2.221375	
0.007128	3.792139	2.221375	
0.007130	3.792139	2.221375	
0.007133	3.792139	2.221375	
0.007135	3.792139	2.221375	
0.007138	3.792138	2.221375	
0.007139	3.792138	2.221375	
0.007140	3.792138	2.221375	
0.007142	3.792138	2.221375	
0.007143	3.792138	2.221375	
0.007145	3.792138	2.221375	
0.007146	3.792138	2.221375	
0.007148	3.792138	2.221375	
0.007149	3.792138	2.221375	
0.007151	3.792138	2.221375	
0.007152	3.792138	2.221375	
0.007153	3.792138	2.221375	
0.007155	3.792138	2.221375	
0.007156	3.792138	2.221375	
0.007157	3.792138	2.221375	
0.007158	3.792138	2.221375	
0.007159	3.792137	2.221375	
0.007161	3.792137	2.221375	
0.007162	3.792137	2.221375	
0.007164	3.792137	2.221375	
0.007165	3.792137	2.221375	
0.007166	3.792137	2.221375	
0.007168	3.792137	2.221375	
0.007170	3.792137	2.221375	
0.007171	3.792137	2.221375	
0.007173	3.792137	2.221374	
0.007176	3.792137	2.221374	
0.007178	3.792137	2.221374	
0.007180	3.792137	2.221374	
0.007183	3.792136	2.221374	
0.007185	3.792136	2.221374	
0.007188	3.792136	2.221374	
0.007190	3.792136	2.221374	
0.007192	3.792136	2.221374	
0.007194	3.792136	2.221374	
0.007196	3.792136	2.221374	
0.007199	3.792136	2.221374	
0.007200	3.792136	2.221374	
0.007202	3.792136	2.221374	
0.007204	3.792136	2.221374	
0.007205	3.792135	2.221374	
0.007207	3.792135	2.221374	
0.007208	3.792135	2.221374	
0.007209	3.792135	2.221374	
0.007211	3.792135	2.221374	
0.007212	3.792135	2.221374	
0.007213	3.792135	2.221374	
0.007215	3.792135	2.221374	
0.007216	3.792135	2.221374	
0.007218	3.792135	2.221374	
0.007219	3.792135	2.221374	
0.007221	3.792135	2.221374	
0.007222	3.792135	2.221374	
0.007224	3.792135	2.221374	
0.007225	3.792135	2.221374	
0.007226	3.792134	2.221374	
0.007228	3.792134	2.221374	
0.007229	3.792134	2.221374	
0.007231	3.792134	2.221374	
0.007233	3.792134	2.221374	
0.007234	3.792134	2.221374	
0.007237	3.792134	2.221374	
0.007240	3.792134	2.221374	
0.007243	3.792134	2.221374	
0.007246	3.792134	2.221374	
0.007260	3.792133	2.221374	
0.007274	3.792132	2.221374	
0.007288	3.792132	2.221374	
0.007302	3.792131	2.221374	
0.007368	3.792128	2.221374	
0.007435	3.792125	2.221374	
0.007502	3.792122	2.221373	
0.007569	3.792119	2.221373	
0.007653	3.792115	2.221373	
0.007737	3.792110	2.221372	
0.007821	3.792106	2.221372	
0.007905	3.792102	2.221372	
0.007989	3.792098	2.221371	
0.008073	3.792093	2.221371	
0.008157	3.792089	2.221370	
0.008241	3.792084	2.221370	
0.008366	3.792077	2.221369	
0.008492	3.792070	2.221368	
0.008617	3.792063	2.221367	
0.008743	3.792055	2.221367	
0.008769	3.792054	2.221366	
0.008795	3.792052	2.221366	
0.008821	3.792051	2.221366	
0.008847	3.792049	2.221366	
0.008873	3.792047	2.221366	
0.008899	3.792046	2.221366	
0.008925	3.792044	2.221365	
0.008951	3.792042	2.221365	
0.008975	3.792041	2.221365	
0.008998	3.792040	2.221365	
0.009022	3.792038	2.221365	
0.009045	3.792037	2.221365	
0.009162	3.792029	2.221364	
0.009279	3.792021	2.221363	
0.009396	3.792014	2.221362	
0.009513	3.792006	2.221361	
0.009528	3.792005	2.221361	
0.009544	3.792004	2.221361	
0.009559	3.792003	2.221361	
0.009574	3.792001	2.221361	
0.009582	3.792001	2.221361	
0.009590	3.792000	2.221361	
0.009599	3.792000	2.221361	
0.009607	3.791999	2.221360	
0.009612	3.791999	2.221360	
0.009617	3.791998	2.221360	
0.009622	3.791998	2.221360	
0.009628	3.791998	2.221360	
0.009633	3.791997	2.221360	
0.009638	3.791997	2.221360	
0.009643	3.791997	2.221360	
0.009648	3.791996	2.221360	
0.009651	3.791996	2.221360	
0.009653	3.791996	2.221360	
0.009655	3.791996	2.221360	
0.009658	3.791996	2.221360	
0.009660	3.791995	2.221360	
0.009662	3.791995	2.221360	
0.009665	3.791995	2.221360	
0.009667	3.791995	2.221360	
0.009669	3.791995	2.221360	
0.009671	3.791995	2.221360	
0.009673	3.791995	2.221360	
0.009675	3.791994	2.221360	
0.009676	3.791994	2.221360	
0.009677	3.791994	2.221360	
0.009678	3.791994	2.221360	
0.009679	3.791994	2.221360	
0.009679	3.791994	2.221360	
0.009680	3.791994	2.221360	
0.009681	3.791994	2.221360	
0.009682	3.791994	2.221360	
0.009683	3.791994	2.221360	
0.009684	3.791994	2.221360	
0.009685	3.791994	2.221360	
0.009686	3.791994	2.221360	
0.009687	3.791994	2.221360	
0.009688	3.791994	2.221360	
0.009688	3.791993	2.221360	
0.009689	3.791993	2.221360	
0.009690	3.791993	2.221360	
0.009691	3.791993	2.221360	
0.009692	3.791993	2.221360	
0.009693	3.791993	2.221360	
0.009694	3.791993	2.221360	
0.009695	3.791993	2.221360	
0.009696	3.791993	2.221360	
0.009697	3.791993	2.221360	
0.009698	3.791993	2.221360	
0.009699	3.791993	2.221360	
0.009700	3.791993	2.221360	
0.009701	3.791993	2.221360	
0.009702	3.791993	2.221360	
0.009702	3.791992	2.221360	
0.009703	3.791992	2.221360	
0.009704	3.791992	2.221360	
0.009704	3.791992	2.221360	
0.009704	3.791992	2.221360	
0.009704	3.791992	2.221360	
0.009704	3.791992	2.221360	
0.009704	3.791992	2.221360	
0.009705	3.791992	2.221360	
0.009705	3.791992	2.221360	
0.009705	3.791992	2.221360	
0.009705	3.791992	2.221360	
0.009705	3.791992	2.221360	
0.009705	3.791992	2.221360	
0.009706	3.791992	2.221360	
0.009706	3.791992	2.221360	
0.009706	3.791992	2.221360	
0.009706	3.791992	2.221360	
0.009707	3.791992	2.221360	
0.009707	3.791992	2.221360	
0.009707	3.791992	2.221360	
0.009708	3.791992	2.221360	
0.009708	3.791992	2.221360	
0.009709	3.791992	2.221360	
0.009709	3.791992	2.221360	
0.009710	3.791992	2.221360	
0.009710	3.791992	2.221360	
0.009711	3.791992	2.221360	
0.009713	3.791992	2.221360	
0.009714	3.791992	2.221360	
0.009715	3.791992	2.221360	
0.009716	3.791992	2.221360	
0.009717	3.791991	2.221360	
0.009719	3.791991	2.221360	
0.009720	3.791991	2.221360	
0.009721	3.791991	2.221360	
0.009722	3.791991	2.221360	
0.009724	3.791991	2.221360	
0.009725	3.791991	2.221360	
0.009731	3.791990	2.221359	
0.009737	3.791990	2.221359	
0.009743	3.791990	2.221359	
0.009749	3.791989	2.221359	
0.009778	3.791987	2.221359	
0.009808	3.791985	2.221359	
0.009838	3.791983	2.221359	
0.009868	3.791981	2.221358	
0.009933	3.791976	2.221358	
0.009998	3.791971	2.221357	
0.010063	3.791966	2.221357	
0.010128	3.791961	2.221356	
0.010175	3.791958	2.221356	
0.010221	3.791954	2.221355	
0.010267	3.791951	2.221355	
0.010314	3.791947	2.221354	
0.010360	3.791944	2.221354	
0.010406	3.791940	2.221353	
0.010452	3.791936	2.221353	
0.010499	3.791933	2.221353	
0.010507	3.791932	2.221352	
0.010515	3.791931	2.221352	
0.010523	3.791931	2.221352	
0.010531	3.791930	2.221352	
0.010535	3.791930	2.221352	
0.010539	3.791929	2.221352	
0.010543	3.791929	2.221352	
0.010547	3.791929	2.221352	
0.010549	3.791928	2.221352	
0.010552	3.791928	2.221352	
0.010555	3.791928	2.221352	
0.010558	3.791928	2.221352	
0.010559	3.791928	2.221352	
0.010561	3.791928	2.221352	
0.010562	3.791927	2.221352	
0.010563	3.791927	2.221352	
0.010565	3.791927	2.221352	
0.010566	3.791927	2.221352	
0.010567	3.791927	2.221352	
0.010568	3.791927	2.221352	
0.010571	3.791927	2.221352	
0.010573	3.791927	2.221352	
0.010575	3.791927	2.221352	
0.010577	3.791926	2.221352	
0.010578	3.791926	2.221352	
0.010580	3.791926	2.221352	
0.010582	3.791926	2.221352	
0.010583	3.791926	2.221351	
0.010592	3.791926	2.221351	
0.010601	3.791925	2.221351	
0.010609	3.791925	2.221351	
0.010618	3.791924	2.221351	
0.010660	3.791921	2.221349	
0.010703	3.791919	2.221348	
0.010745	3.791916	2.221347	
0.010788	3.791913	2.221346	
0.011001	3.791899	2.221341	
0.011213	3.791884	2.221337	
0.011426	3.791868	2.221333	
0.011639	3.791851	2.221330	
0.011931	3.791826	2.221326	
0.012223	3.791800	2.221324	
0.012516	3.791771	2.221323	
0.012808	3.791741	2.221324	
0.013100	3.791709	2.221325	
0.013392	3.791676	2.221327	
0.013684	3.791640	2.221331	
0.013977	3.791603	2.221336	
0.014363	3.791550	2.221344	
0.014749	3.791495	2.221355	
0.015136	3.791436	2.221368	
0.015522	3.791373	2.221383	
0.016960	3.791111	2.221458	
0.018398	3.790798	2.221567	
0.019835	3.790432	2.221712	
0.021273	3.790010	2.221895	
0.022498	3.789604	2.222082	
0.023723	3.789154	2.222299	
0.024949	3.788659	2.222547	
0.026174	3.788117	2.222825	
0.027399	3.787528	2.223134	
0.028625	3.786890	2.223476	
0.029850	3.786199	2.223851	
0.031075	3.785456	2.224257	
0.032061	3.784818	2.224608	
0.033046	3.784141	2.224981	
0.034032	3.783425	2.225378	
0.035017	3.782668	2.225798	
0.036293	3.781628	2.226375	
0.037568	3.780519	2.226988	
0.038844	3.779340	2.227635	
0.040119	3.778096	2.228311	
0.041457	3.776722	2.229047	
0.042795	3.775276	2.229810	
0.044133	3.773757	2.230600	
0.045471	3.772163	2.231414	
0.046119	3.771364	2.231816	
0.046767	3.770547	2.232224	
0.047415	3.769712	2.232638	
0.048063	3.768860	2.233056	
0.048711	3.767988	2.233480	
0.049359	3.767099	2.233908	
0.050007	3.766191	2.234341	
0.050655	3.765264	2.234779	
0.052056	3.763195	2.235741	
0.053457	3.761036	2.236724	
0.054858	3.758787	2.237725	
0.056259	3.756444	2.238745	
0.057660	3.754007	2.239781	
0.059061	3.751475	2.240832	
0.060462	3.748848	2.241896	
0.061863	3.746123	2.242972	
0.063363	3.743100	2.244133	
0.064862	3.739965	2.245302	
0.066362	3.736719	2.246475	
0.067861	3.733362	2.247649	
0.069361	3.729894	2.248821	
0.070860	3.726315	2.249986	
0.072360	3.722628	2.251141	
0.073859	3.718832	2.252280	
0.078502	3.706403	2.255676	
0.083144	3.692940	2.258808	
0.087786	3.678435	2.261594	
0.092428	3.662879	2.263957	
0.093312	3.659800	2.264352	
0.094195	3.656682	2.264727	
0.095078	3.653527	2.265084	
0.095961	3.650333	2.265420	
0.096568	3.648118	2.265639	
0.097174	3.645884	2.265849	
0.097781	3.643633	2.266049	
0.098387	3.641362	2.266239	
0.098772	3.639913	2.266354	
0.099157	3.638456	2.266464	
0.099542	3.636993	2.266570	
0.099926	3.635522	2.266671	
0.100311	3.634044	2.266768	
0.100696	3.632558	2.266861	
0.101081	3.631065	2.266950	
0.101466	3.629565	2.267034	
0.101726	3.628545	2.267089	
0.101987	3.627522	2.267142	
0.102247	3.626495	2.267192	
0.102507	3.625465	2.267241	
0.102768	3.624432	2.267288	
0.103028	3.623395	2.267332	
0.103289	3.622354	2.267374	
0.103549	3.621311	2.267415	
0.104007	3.619465	2.267480	
0.104466	3.617609	2.267540	
0.104924	3.615743	2.267592	
0.105382	3.613867	2.267637	
0.105572	3.613086	2.267653	
0.105762	3.612304	2.267668	
0.105952	3.611520	2.267682	
0.106142	3.610734	2.267694	
0.106332	3.609947	2.267705	
0.106522	3.609158	2.267715	
0.106712	3.608367	2.267723	
0.106902	3.607575	2.267730	
0.107007	3.607139	2.267733	
0.107111	3.606703	2.267736	
0.107215	3.606265	2.267738	
0.107320	3.605828	2.267740	
0.107335	3.605764	2.267740	
0.107351	3.605699	2.267740	
0.107366	3.605635	2.267741	
0.107381	3.605571	2.267741	
0.107397	3.605506	2.267741	
0.107412	3.605442	2.267741	
0.107427	3.605378	2.267741	
0.107443	3.605313	2.267742	
0.107470	3.605198	2.267742	
0.107497	3.605083	2.267742	
0.107525	3.604967	2.267742	
0.107552	3.604852	2.267743	
0.107565	3.604797	2.267743	
0.107578	3.604742	2.267743	
0.107591	3.604687	2.267743	
0.107604	3.604633	2.267743	
0.107618	3.604578	2.267743	
0.107631	3.604523	2.267743	
0.107644	3.604468	2.267743	
0.107657	3.604413	2.267743	
0.107670	3.604358	2.267743	
0.107683	3.604302	2.267743	
0.107696	3.604246	2.267743	
0.107710	3.604190	2.267743	
0.107717	3.604159	2.267743	
0.107724	3.604128	2.267743	
0.107732	3.604097	2.267743	
0.107739	3.604067	2.267743	
0.107743	3.604051	2.267743	
0.107746	3.604036	2.267743	
0.107750	3.604020	2.267743	
0.107754	3.604005	2.267743	
0.107756	3.603994	2.267743	
0.107759	3.603983	2.267743	
0.107761	3.603972	2.267743	
0.107764	3.603961	2.267743	
0.107767	3.603950	2.267743	
0.107769	3.603939	2.267743	
0.107772	3.603928	2.267743	
0.107774	3.603917	2.267743	
0.107777	3.603905	2.267743	
0.107780	3.603892	2.267743	
0.107783	3.603879	2.267743	
0.107786	3.603866	2.267743	
0.107789	3.603855	2.267743	
0.107792	3.603845	2.267743	
0.107794	3.603834	2.267743	
0.107797	3.603823	2.267743	
0.107800	3.603810	2.267743	
0.107803	3.603797	2.267743	
0.107806	3.603784	2.267743	
0.107809	3.603771	2.267743	
0.107812	3.603758	2.267743	
0.107815	3.603745	2.267743	
0.107818	3.603732	2.267743	
0.107821	3.603719	2.267743	
0.107824	3.603709	2.267743	
0.107826	3.603698	2.267743	
0.107829	3.603688	2.267743	
0.107831	3.603678	2.267743	
0.107835	3.603663	2.267743	
0.107838	3.603648	2.267743	
0.107842	3.603633	2.267743	
0.107845	3.603618	2.267743	
0.107848	3.603605	2.267743	
0.107851	3.603592	2.267743	
0.107854	3.603580	2.267743	
0.107858	3.603567	2.267743	
0.107865	3.603537	2.267743	
0.107872	3.603507	2.267743	
0.107879	3.603477	2.267743	
0.107886	3.603448	2.267743	
0.107894	3.603412	2.267743	
0.107903	3.603377	2.267743	
0.107911	3.603342	2.267743	
0.107919	3.603306	2.267743	
0.107929	3.603263	2.267742	
0.107940	3.603220	2.267742	
0.107950	3.603177	2.267742	
0.107960	3.603134	2.267742	
0.107970	3.603091	2.267742	
0.107980	3.603048	2.267742	
0.107991	3.603005	2.267742	
0.108001	3.602961	2.267742	
0.108009	3.602928	2.267742	
0.108017	3.602894	2.267742	
0.108025	3.602861	2.267742	
0.108033	3.602828	2.267741	
0.108041	3.602794	2.267741	
0.108048	3.602761	2.267741	
0.108056	3.602727	2.267741	
0.108064	3.602694	2.267741	
0.108080	3.602626	2.267741	
0.108096	3.602558	2.267741	
0.108112	3.602491	2.267740	
0.108128	3.602423	2.267740	
0.108144	3.602355	2.267740	
0.108160	3.602288	2.267740	
0.108176	3.602220	2.267739	
0.108192	3.602152	2.267739	
0.108212	3.602070	2.267739	
0.108231	3.601988	2.267738	
0.108250	3.601906	2.267738	
0.108270	3.601824	2.267738	
0.108290	3.601738	2.267737	
0.108310	3.601653	2.267737	
0.108330	3.601567	2.267736	
0.108351	3.601482	2.267736	
0.108393	3.601303	2.267735	
0.108435	3.601124	2.267734	
0.108477	3.600945	2.267733	
0.108519	3.600766	2.267731	
0.108572	3.600542	2.267730	
0.108625	3.600318	2.267728	
0.108677	3.600093	2.267726	
0.108730	3.599868	2.267724	
0.108845	3.599377	2.267720	
0.108960	3.598886	2.267715	
0.109076	3.598394	2.267709	
0.109191	3.597901	2.267703	
0.109306	3.597408	2.267696	
0.109421	3.596914	2.267689	
0.109536	3.596420	2.267681	
0.109651	3.595925	2.267673	
0.109788	3.595334	2.267662	
0.109926	3.594743	2.267651	
0.110063	3.594151	2.267639	
0.110200	3.593558	2.267626	
0.110337	3.592964	2.267612	
0.110474	3.592369	2.267598	
0.110611	3.591774	2.267582	
0.110748	3.591178	2.267566	
0.110831	3.590820	2.267556	
0.110913	3.590461	2.267545	
0.110995	3.590103	2.267534	
0.111078	3.589744	2.267523	
0.111120	3.589557	2.267517	
0.111163	3.589370	2.267511	
0.111206	3.589183	2.267505	
0.111249	3.588996	2.267499	
0.111291	3.588809	2.267493	
0.111334	3.588622	2.267487	
0.111377	3.588435	2.267481	
0.111420	3.588248	2.267474	
0.111461	3.588067	2.267467	
0.111502	3.587886	2.267460	
0.111543	3.587705	2.267453	
0.111585	3.587524	2.267446	
0.111629	3.587330	2.267438	
0.111673	3.587135	2.267430	
0.111717	3.586941	2.267422	
0.111762	3.586746	2.267413	
0.111872	3.586263	2.267393	
0.111981	3.585780	2.267371	
0.112091	3.585295	2.267349	
0.112201	3.584811	2.267327	
0.112380	3.584021	2.267289	
0.112559	3.583229	2.267250	
0.112738	3.582436	2.267209	
0.112916	3.581642	2.267167	
0.113144	3.580629	2.267111	
0.113372	3.579614	2.267052	
0.113599	3.578597	2.266992	
0.113827	3.577577	2.266929	
0.114019	3.576715	2.266874	
0.114211	3.575851	2.266817	
0.114403	3.574986	2.266759	
0.114595	3.574119	2.266699	
0.114787	3.573251	2.266637	
0.114979	3.572381	2.266573	
0.115171	3.571509	2.266508	
0.115363	3.570636	2.266441	
0.115749	3.568873	2.266299	
0.116136	3.567104	2.266150	
0.116522	3.565328	2.265994	
0.116909	3.563545	2.265830	
0.117241	3.562009	2.265683	
0.117573	3.560467	2.265531	
0.117905	3.558921	2.265374	
0.118237	3.557370	2.265212	
0.118831	3.554582	2.264907	
0.119425	3.551778	2.264586	
0.120020	3.548958	2.264247	
0.120614	3.546123	2.263891	
0.121322	3.542727	2.263442	
0.122030	3.539308	2.262968	
0.122738	3.535868	2.262467	
0.123446	3.532405	2.261940	
0.124289	3.528248	2.261276	
0.125133	3.524060	2.260573	
0.125977	3.519840	2.259832	
0.126821	3.515590	2.259053	
0.127609	3.511594	2.258293	
0.128397	3.507571	2.257497	
0.129184	3.503522	2.256667	
0.129972	3.499446	2.255801	
0.131571	3.491089	2.253933	
0.133170	3.482621	2.251916	
0.134769	3.474042	2.249747	
0.136368	3.465352	2.247425	
0.144363	3.420258	2.233461	
0.152359	3.372476	2.215476	
0.160354	3.322103	2.193376	
0.168349	3.269260	2.167116	
0.186983	3.137348	2.089735	
0.205617	2.995330	1.990269	
0.224250	2.846297	1.870263	
0.242884	2.693716	1.732190	
0.259906	2.554467	1.593115	
0.276927	2.418474	1.445079	
0.293948	2.288525	1.291675	
0.310970	2.167044	1.136539	
0.327991	2.056218	0.983483	
0.345013	1.957320	0.835973	
0.362034	1.871001	0.696950	
0.379055	1.797727	0.569080	
0.389387	1.759620	0.497848	
0.399719	1.726035	0.431729	
0.410050	1.696720	0.370876	
0.420382	1.671411	0.315435	
0.430714	1.649742	0.265522	
0.441045	1.631297	0.221093	
0.451377	1.615766	0.181956	
0.461708	1.602885	0.147788	
0.469274	1.595013	0.125669	
0.476840	1.588358	0.105822	
0.484406	1.582814	0.088110	
0.491972	1.578274	0.072414	
0.499538	1.574622	0.058614	
0.507104	1.571731	0.046555	
0.514670	1.569489	0.036087	
0.522236	1.567795	0.027084	
0.530460	1.566470	0.018814	
0.538684	1.565581	0.011934	
0.546908	1.565039	0.006269	
0.555132	1.564766	0.001681	
0.560873	1.564699	-0.000954	
0.566615	1.564713	-0.003182	
0.572356	1.564792	-0.005046	
0.578098	1.564921	-0.006586	
0.583839	1.565087	-0.007838	
0.589580	1.565281	-0.008838	
0.595322	1.565495	-0.009618	
0.601063	1.565721	-0.010206	
0.606665	1.565947	-0.010620	
0.612267	1.566174	-0.010897	
0.617869	1.566401	-0.011060	
0.623470	1.566622	-0.011124	
0.628944	1.566832	-0.011108	
0.634417	1.567034	-0.011026	
0.639891	1.567228	-0.010890	
0.645364	1.567412	-0.010711	
0.650865	1.567588	-0.010497	
0.656365	1.567753	-0.010255	
0.661866	1.567909	-0.009992	
0.667367	1.568056	-0.009714	
0.672690	1.568189	-0.009437	
0.678012	1.568313	-0.009153	
0.683335	1.568430	-0.008867	
0.688658	1.568540	-0.008580	
0.693915	1.568641	-0.008300	
0.699172	1.568737	-0.008023	
0.704429	1.568826	-0.007751	
0.709686	1.568910	-0.007484	
0.714798	1.568987	-0.007232	
0.719909	1.569060	-0.006986	
0.725021	1.569128	-0.006748	
0.730132	1.569193	-0.006516	
0.735108	1.569253	-0.006298	
0.740084	1.569309	-0.006088	
0.745060	1.569363	-0.005883	
0.750035	1.569415	-0.005686	
0.754825	1.569462	-0.005503	
0.759614	1.569507	-0.005326	
0.764403	1.569550	-0.005154	
0.769192	1.569592	-0.004989	
0.773771	1.569630	-0.004835	
0.778349	1.569666	-0.004687	
0.782928	1.569702	-0.004543	
0.787506	1.569736	-0.004403	
0.792047	1.569769	-0.004269	
0.796588	1.569800	-0.004139	
0.801129	1.569831	-0.004012	
0.805670	1.569861	-0.003889	
0.809958	1.569888	-0.003776	
0.814246	1.569915	-0.003666	
0.818534	1.569941	-0.003558	
0.822822	1.569966	-0.003453	
0.827033	1.569990	-0.003352	
0.831244	1.570014	-0.003253	
0.835455	1.570038	-0.003157	
0.839666	1.570060	-0.003062	
0.843772	1.570082	-0.002971	
0.847879	1.570104	-0.002881	
0.851985	1.570125	-0.002793	
0.856091	1.570146	-0.002706	
0.859932	1.570165	-0.002626	
0.863773	1.570184	-0.002547	
0.867614	1.570203	-0.002468	
0.871454	1.570222	-0.002390	
0.875371	1.570241	-0.002311	
0.879287	1.570260	-0.002232	
0.883204	1.570279	-0.002153	
0.887120	1.570297	-0.002075	
0.890317	1.570313	-0.002010	
0.893515	1.570328	-0.001946	
0.896712	1.570344	-0.001882	
0.899910	1.570359	-0.001817	
0.903108	1.570375	-0.001751	
0.906305	1.570391	-0.001686	
0.909503	1.570407	-0.001619	
0.912700	1.570423	-0.001552	
0.915777	1.570439	-0.001487	
0.918853	1.570455	-0.001420	
0.921930	1.570471	-0.001353	
0.925006	1.570487	-0.001285	
0.926670	1.570496	-0.001248	
0.928333	1.570505	-0.001210	
0.929996	1.570514	-0.001172	
0.931659	1.570524	-0.001134	
0.933323	1.570533	-0.001096	
0.934986	1.570542	-0.001058	
0.936649	1.570551	-0.001020	
0.938312	1.570560	-0.000983	
0.940375	1.570571	-0.000936	
0.942438	1.570582	-0.000890	
0.944500	1.570593	-0.000844	
0.946563	1.570604	-0.000797	
0.948361	1.570614	-0.000757	
0.950160	1.570624	-0.000716	
0.951958	1.570634	-0.000675	
0.953756	1.570644	-0.000634	
0.955555	1.570654	-0.000592	
0.957353	1.570664	-0.000550	
0.959152	1.570674	-0.000508	
0.960950	1.570684	-0.000466	
0.962136	1.570691	-0.000438	
0.963321	1.570698	-0.000411	
0.964507	1.570704	-0.000383	
0.965692	1.570711	-0.000355	
0.966603	1.570716	-0.000334	
0.967514	1.570721	-0.000314	
0.968424	1.570726	-0.000293	
0.969335	1.570731	-0.000273	
0.970246	1.570735	-0.000253	
0.971157	1.570740	-0.000233	
0.972067	1.570745	-0.000214	
0.972978	1.570749	-0.000195	
0.973558	1.570752	-0.000183	
0.974138	1.570755	-0.000172	
0.974718	1.570758	-0.000161	
0.975298	1.570760	-0.000150	
0.975878	1.570763	-0.000139	
0.976459	1.570765	-0.000129	
0.977039	1.570768	-0.000119	
0.977619	1.570770	-0.000109	
0.978117	1.570772	-0.000101	
0.978616	1.570774	-0.000094	
0.979115	1.570776	-0.000086	
0.979613	1.570777	-0.000079	
0.980030	1.570779	-0.000074	
0.980447	1.570780	-0.000068	
0.980865	1.570781	-0.000063	
0.981282	1.570782	-0.000058	
0.981633	1.570783	-0.000054	
0.981985	1.570784	-0.000050	
0.982337	1.570785	-0.000046	
0.982688	1.570786	-0.000043	
0.982994	1.570787	-0.000040	
0.983299	1.570787	-0.000037	
0.983604	1.570788	-0.000034	
0.983910	1.570789	-0.000032	
0.984176	1.570789	-0.000030	
0.984442	1.570790	-0.000028	
0.984708	1.570790	-0.000026	
0.984975	1.570791	-0.000024	
0.985210	1.570791	-0.000022	
0.985444	1.570791	-0.000021	
0.985679	1.570792	-0.000019	
0.985914	1.570792	-0.000018	
0.986063	1.570792	-0.000017	
0.986211	1.570792	-0.000017	
0.986360	1.570793	-0.000016	
0.986508	1.570793	-0.000015	
0.986657	1.570793	-0.000014	
0.986805	1.570793	-0.000014	
0.986954	1.570793	-0.000013	
0.987102	1.570793	-0.000012	
0.987227	1.570793	-0.000012	
0.987352	1.570794	-0.000011	
0.987477	1.570794	-0.000011	
0.987602	1.570794	-0.000011	
0.987748	1.570794	-0.000010	
0.987894	1.570794	-0.000010	
0.988040	1.570794	-0.000010	
0.988186	1.570794	-0.000009	
0.988346	1.570794	-0.000009	
0.988505	1.570794	-0.000009	
0.988665	1.570794	-0.000009	
0.988825	1.570794	-0.000008	
0.989001	1.570794	-0.000008	
0.989177	1.570794	-0.000008	
0.989354	1.570794	-0.000008	
0.989530	1.570794	-0.000008	
0.989731	1.570794	-0.000008	
0.989931	1.570794	-0.000008	
0.990132	1.570794	-0.000008	
0.990332	1.570795	-0.000008	
0.990623	1.570795	-0.000007	
0.990914	1.570795	-0.000007	
0.991204	1.570795	-0.000007	
0.991495	1.570795	-0.000007	
0.991903	1.570795	-0.000007	
0.992311	1.570795	-0.000007	
0.992719	1.570795	-0.000007	
0.993128	1.570795	-0.000007	
0.993485	1.570795	-0.000007	
0.993843	1.570795	-0.000007	
0.994200	1.570795	-0.000007	
0.994558	1.570795	-0.000007	
0.995008	1.570795	-0.000007	
0.995459	1.570795	-0.000007	
0.995910	1.570795	-0.000007	
0.996361	1.570795	-0.000007	
0.996792	1.570795	-0.000007	
0.997224	1.570795	-0.000007	
0.997655	1.570795	-0.000007	
0.998086	1.570795	-0.000007	
0.998523	1.570795	-0.000007	
0.998960	1.570795	-0.000007	
0.999398	1.570795	-0.000007	
0.999835	1.570795	-0.000007	
0.999857	1.570795	-0.000007	
0.999879	1.570795	-0.000007	
0.999900	1.570795	-0.000007	
0.999922	1.570795	-0.000007	
0.999929	1.570795	-0.000007	
0.999936	1.570795	-0.000007	
0.999943	1.570795	-0.000007	
0.999950	1.570795	-0.000007	
0.999958	1.570795	-0.000007	
0.999965	1.570795	-0.000007	
0.999972	1.570795	-0.000007	
0.999979	1.570795	-0.000007	
0.999983	1.570795	-0.000007	
0.999988	1.570795	-0.000007	
0.999993	1.570795	-0.000007	
0.999997	1.570795	-0.000007	
0.999998	1.570795	-0.000007	
0.999999	1.570795	-0.000007	
1.000000	1.570795	-0.000007	
1.000001	1.570795	-0.000007	
1.000002	1.570795	-0.000007	
1.000003	1.570795	-0.000007	
1.000004	1.570795	-0.000007	
1.000005	1.570795	-0.000007	
1.000009	1.570795	-0.000007	
1.000014	1.570795	-0.000007	
1.000018	1.570795	-0.000007	
1.000022	1.570795	-0.000007	
1.000042	1.570795	-0.000007	
1.000062	1.570795	-0.000007	
1.000081	1.570795	-0.000007	
1.000101	1.570795	-0.000007	
1.000165	1.570795	-0.000006	
1.000230	1.570795	-0.000006	
1.000294	1.570794	-0.000005	
1.000359	1.570794	-0.000003	
1.000560	1.570794	0.000002	
1.000761	1.570794	0.000010	
1.000962	1.570793	0.000021	
1.001163	1.570793	0.000034	
1.002168	1.570789	0.000134	
1.003173	1.570782	0.000293	
1.004178	1.570773	0.000507	
1.005184	1.570761	0.000777	
1.005827	1.570752	0.000978	
1.006471	1.570742	0.001200	
1.007115	1.570731	0.001443	
1.007758	1.570719	0.001707	
1.007867	1.570716	0.001754	
1.007976	1.570714	0.001801	
1.008085	1.570712	0.001849	
1.008193	1.570710	0.001897	
1.008302	1.570707	0.001946	
1.008411	1.570705	0.001995	
1.008520	1.570703	0.002044	
1.008628	1.570702	0.002093	
1.008735	1.570700	0.002142	
1.008841	1.570698	0.002190	
1.008947	1.570697	0.002239	
1.009053	1.570696	0.002288	
1.009572	1.570691	0.002529	
1.010091	1.570689	0.002775	
1.010610	1.570689	0.003026	
1.011128	1.570691	0.003282	
1.011243	1.570692	0.003339	
1.011359	1.570693	0.003396	
1.011474	1.570694	0.003455	
1.011589	1.570695	0.003514	
1.011704	1.570696	0.003574	
1.011819	1.570698	0.003634	
1.011934	1.570699	0.003694	
1.012049	1.570700	0.003754	
1.012186	1.570702	0.003826	
1.012322	1.570704	0.003898	
1.012458	1.570706	0.003971	
1.012594	1.570709	0.004043	
1.012805	1.570712	0.004156	
1.013015	1.570716	0.004270	
1.013226	1.570721	0.004385	
1.013437	1.570725	0.004501	
1.013523	1.570727	0.004549	
1.013610	1.570729	0.004597	
1.013697	1.570732	0.004645	
1.013783	1.570734	0.004693	
1.013870	1.570736	0.004741	
1.013956	1.570738	0.004790	
1.014043	1.570740	0.004838	
1.014130	1.570743	0.004887	
1.014215	1.570745	0.004936	
1.014301	1.570747	0.004985	
1.014386	1.570749	0.005034	
1.014471	1.570751	0.005084	
1.014870	1.570761	0.005319	
1.015270	1.570770	0.005561	
1.015669	1.570779	0.005809	
1.016068	1.570788	0.006063	
1.018063	1.570825	0.007425	
1.020059	1.570851	0.008934	
1.022055	1.570868	0.010582	
1.024050	1.570874	0.012361	
1.024899	1.570874	0.013157	
1.025748	1.570871	0.013974	
1.026597	1.570867	0.014813	
1.027446	1.570861	0.015673	
1.027507	1.570861	0.015735	
1.027568	1.570860	0.015798	
1.027628	1.570860	0.015860	
1.027689	1.570859	0.015923	
1.027750	1.570859	0.015986	
1.027810	1.570858	0.016048	
1.027871	1.570858	0.016111	
1.027932	1.570857	0.016174	
1.027966	1.570857	0.016210	
1.028000	1.570857	0.016245	
1.028034	1.570856	0.016280	
1.028067	1.570856	0.016315	
1.028101	1.570856	0.016350	
1.028135	1.570856	0.016386	
1.028169	1.570855	0.016421	
1.028203	1.570855	0.016456	
1.028242	1.570855	0.016497	
1.028281	1.570855	0.016537	
1.028320	1.570854	0.016578	
1.028359	1.570854	0.016618	
1.028517	1.570853	0.016784	
1.028676	1.570852	0.016951	
1.028835	1.570851	0.017118	
1.028993	1.570850	0.017285	
1.029051	1.570849	0.017346	
1.029109	1.570849	0.017408	
1.029167	1.570849	0.017469	
1.029225	1.570848	0.017531	
1.029261	1.570848	0.017568	
1.029296	1.570848	0.017606	
1.029332	1.570848	0.017643	
1.029367	1.570848	0.017681	
1.029403	1.570847	0.017719	
1.029438	1.570847	0.017757	
1.029473	1.570847	0.017794	
1.029509	1.570847	0.017832	
1.029541	1.570846	0.017866	
1.029573	1.570846	0.017900	
1.029605	1.570846	0.017934	
1.029637	1.570846	0.017968	
1.029670	1.570846	0.018004	
1.029703	1.570846	0.018040	
1.029736	1.570845	0.018075	
1.029770	1.570845	0.018111	
1.029923	1.570844	0.018276	
1.030076	1.570843	0.018442	
1.030230	1.570842	0.018608	
1.030383	1.570841	0.018775	
1.030999	1.570836	0.019451	
1.031615	1.570829	0.020137	
1.032231	1.570822	0.020833	
1.032847	1.570814	0.021539	
1.033394	1.570806	0.022174	
1.033941	1.570797	0.022817	
1.034489	1.570788	0.023466	
1.035036	1.570778	0.024123	
1.035152	1.570775	0.024262	
1.035267	1.570773	0.024402	
1.035383	1.570771	0.024542	
1.035498	1.570768	0.024682	
1.035614	1.570766	0.024823	
1.035729	1.570764	0.024964	
1.035845	1.570761	0.025105	
1.035960	1.570759	0.025246	
1.036074	1.570756	0.025385	
1.036188	1.570754	0.025524	
1.036302	1.570752	0.025664	
1.036416	1.570750	0.025804	
1.036656	1.570745	0.026100	
1.036896	1.570741	0.026399	
1.037136	1.570737	0.026700	
1.037376	1.570733	0.027004	
1.037571	1.570729	0.027251	
1.037766	1.570726	0.027498	
1.037960	1.570722	0.027747	
1.038155	1.570718	0.027996	
1.038255	1.570716	0.028124	
1.038355	1.570714	0.028253	
1.038455	1.570712	0.028381	
1.038555	1.570710	0.028510	
1.038611	1.570709	0.028582	
1.038667	1.570708	0.028654	
1.038723	1.570706	0.028727	
1.038779	1.570705	0.028799	
1.038835	1.570704	0.028872	
1.038890	1.570703	0.028944	
1.038946	1.570702	0.029017	
1.039002	1.570700	0.029089	
1.039050	1.570699	0.029151	
1.039098	1.570698	0.029213	
1.039146	1.570697	0.029276	
1.039194	1.570696	0.029338	
1.039242	1.570695	0.029400	
1.039290	1.570694	0.029462	
1.039338	1.570694	0.029524	
1.039386	1.570693	0.029586	
1.039418	1.570692	0.029628	
1.039450	1.570691	0.029669	
1.039482	1.570691	0.029710	
1.039514	1.570690	0.029751	
1.039524	1.570690	0.029765	
1.039535	1.570690	0.029778	
1.039545	1.570689	0.029792	
1.039555	1.570689	0.029805	
1.039566	1.570689	0.029819	
1.039576	1.570689	0.029832	
1.039587	1.570689	0.029846	
1.039597	1.570689	0.029859	
1.039607	1.570688	0.029872	
1.039617	1.570688	0.029885	
1.039628	1.570688	0.029898	
1.039638	1.570688	0.029911	
1.039663	1.570688	0.029944	
1.039688	1.570688	0.029976	
1.039714	1.570688	0.030008	
1.039739	1.570688	0.030041	
1.039794	1.570688	0.030110	
1.039849	1.570688	0.030180	
1.039904	1.570688	0.030250	
1.039959	1.570689	0.030319	
1.040029	1.570689	0.030409	
1.040100	1.570690	0.030498	
1.040171	1.570690	0.030587	
1.040242	1.570691	0.030677	
1.040301	1.570691	0.030752	
1.040360	1.570692	0.030827	
1.040419	1.570692	0.030902	
1.040479	1.570692	0.030977	
1.040717	1.570694	0.031280	
1.040955	1.570695	0.031584	
1.041193	1.570696	0.031889	
1.041431	1.570697	0.032195	
1.041776	1.570699	0.032641	
1.042122	1.570700	0.033090	
1.042467	1.570700	0.033540	
1.042813	1.570701	0.033993	
1.043140	1.570701	0.034425	
1.043468	1.570701	0.034859	
1.043796	1.570700	0.035294	
1.044124	1.570699	0.035732	
1.044452	1.570698	0.036172	
1.044780	1.570697	0.036613	
1.045108	1.570695	0.037057	
1.045436	1.570694	0.037502	
1.045713	1.570692	0.037884	
1.045991	1.570690	0.038280	
1.046269	1.570687	0.038691	
1.046546	1.570685	0.039115	
1.046848	1.570682	0.039585	
1.047150	1.570679	0.040065	
1.047451	1.570675	0.040550	
1.047753	1.570672	0.041039	
1.048094	1.570667	0.041595	
1.048436	1.570663	0.042153	
1.048778	1.570658	0.042715	
1.049120	1.570652	0.043280	
1.050159	1.570634	0.045019	
1.051199	1.570613	0.046779	
1.052239	1.570588	0.048557	
1.053278	1.570561	0.050351	
1.053887	1.570543	0.051409	
1.054495	1.570525	0.052474	
1.055103	1.570505	0.053544	
1.055712	1.570485	0.054621	
1.056003	1.570474	0.055137	
1.056293	1.570464	0.055655	
1.056584	1.570453	0.056173	
1.056875	1.570442	0.056694	
1.056971	1.570438	0.056867	
1.057068	1.570434	0.057040	
1.057164	1.570431	0.057214	
1.057261	1.570427	0.057388	
1.057358	1.570423	0.057562	
1.057454	1.570419	0.057736	
1.057551	1.570415	0.057910	
1.057648	1.570411	0.058085	
1.057745	1.570406	0.058260	
1.057842	1.570402	0.058436	
1.057940	1.570398	0.058612	
1.058037	1.570394	0.058788	
1.058183	1.570387	0.059054	
1.058329	1.570381	0.059319	
1.058476	1.570374	0.059585	
1.058622	1.570367	0.059852	
1.058821	1.570357	0.060214	
1.059019	1.570348	0.060577	
1.059218	1.570338	0.060941	
1.059417	1.570327	0.061305	
1.059584	1.570319	0.061613	
1.059752	1.570310	0.061921	
1.059919	1.570301	0.062229	
1.060086	1.570291	0.062538	
1.060260	1.570282	0.062860	
1.060435	1.570272	0.063182	
1.060609	1.570262	0.063505	
1.060783	1.570252	0.063828	
1.060953	1.570242	0.064144	
1.061124	1.570232	0.064461	
1.061295	1.570221	0.064779	
1.061465	1.570211	0.065097	
1.061624	1.570200	0.065393	
1.061782	1.570189	0.065689	
1.061940	1.570178	0.065985	
1.062099	1.570167	0.066281	
1.062241	1.570157	0.066548	
1.062384	1.570146	0.066815	
1.062526	1.570136	0.067082	
1.062669	1.570126	0.067350	
1.063372	1.570074	0.068677	
1.064076	1.570019	0.070012	
1.064780	1.569961	0.071355	
1.065484	1.569900	0.072705	
1.065907	1.569861	0.073523	
1.066331	1.569821	0.074344	
1.066755	1.569781	0.075167	
1.067179	1.569739	0.075992	
1.067603	1.569699	0.076817	
1.068027	1.569661	0.077639	
1.068451	1.569625	0.078458	
1.068875	1.569591	0.079276	
1.069285	1.569556	0.080071	
1.069695	1.569522	0.080869	
1.070105	1.569487	0.081672	
1.070515	1.569452	0.082477	
1.070684	1.569437	0.082808	
1.070853	1.569422	0.083139	
1.071021	1.569407	0.083471	
1.071190	1.569393	0.083802	
1.071359	1.569378	0.084134	
1.071528	1.569363	0.084466	
1.071696	1.569348	0.084798	
1.071865	1.569332	0.085130	
1.072484	1.569276	0.086363	
1.073103	1.569220	0.087636	
1.073722	1.569160	0.088948	
1.074341	1.569097	0.090277	
1.074960	1.569030	0.091605	
1.075579	1.568958	0.092940	
1.076198	1.568882	0.094282	
1.076817	1.568801	0.095630	
1.078256	1.568595	0.098791	
1.079695	1.568365	0.101986	
1.081135	1.568108	0.105217	
1.082574	1.567826	0.108480	
1.084040	1.567511	0.111838	
1.085506	1.567168	0.115229	
1.086971	1.566796	0.118653	
1.088437	1.566395	0.122109	
1.090698	1.565719	0.127502	
1.092960	1.564973	0.132965	
1.095221	1.564154	0.138496	
1.097482	1.563260	0.144092	
1.103406	1.560552	0.159039	
1.109329	1.557296	0.174351	
1.115253	1.553471	0.189961	
1.121177	1.549056	0.205802	
1.124296	1.546486	0.214234	
1.127415	1.543748	0.222683	
1.130534	1.540853	0.231022	
1.133653	1.537811	0.239093	
1.136772	1.534624	0.246747	
1.139891	1.531282	0.254015	
1.143011	1.527776	0.261023	
1.146130	1.524095	0.267940	
1.148845	1.520744	0.273967	
1.151560	1.517252	0.279971	
1.154274	1.513616	0.285955	
1.156989	1.509831	0.291923	
1.165674	1.496673	0.310952	
1.174358	1.481820	0.329981	
1.183043	1.465153	0.349134	
1.191727	1.446571	0.368533	
1.200412	1.425988	0.388350	
1.209096	1.403335	0.408619	
1.217781	1.378562	0.429176	
1.226465	1.351644	0.449750	
1.236653	1.317326	0.473585	
1.246840	1.280083	0.497167	
1.257027	1.239997	0.520774	
1.267215	1.197195	0.544873	
1.279859	1.140554	0.576424	
1.292503	1.080437	0.611171	
1.305148	1.017376	0.649911	
1.317792	0.951982	0.692452	
1.328141	0.897203	0.729671	
1.338490	0.841725	0.768905	
1.348838	0.785963	0.809846	
1.359187	0.730343	0.852154	
1.377155	0.635545	0.927700	
1.395122	0.544476	1.004076	
1.413090	0.458713	1.079227	
1.431057	0.380070	1.151161	
1.440928	0.340480	1.188619	
1.450798	0.303494	1.224338	
1.460669	0.269156	1.258155	
1.470539	0.237540	1.289889	
1.480409	0.208699	1.319378	
1.490280	0.182516	1.346636	
1.500150	0.158874	1.371686	
1.510021	0.137723	1.394493	
1.514470	0.128990	1.404034	
1.518919	0.120723	1.413138	
1.523368	0.112909	1.421814	
1.527818	0.105534	1.430068	
1.531233	0.100162	1.436125	
1.534648	0.095032	1.441944	
1.538063	0.090138	1.447532	
1.541478	0.085473	1.452892	
1.544893	0.081030	1.458025	
1.548308	0.076801	1.462828	
1.551723	0.072779	1.467146	
1.555138	0.068957	1.470817	
1.559033	0.064833	1.474009	
1.562928	0.060949	1.475945	
1.566824	0.057294	1.476442	
1.570719	0.053858	1.475327	
1.575140	0.050212	1.471915	
1.579562	0.046821	1.466046	
1.583983	0.043671	1.457559	
1.588404	0.040748	1.446309	
1.594119	0.037287	1.427479	
1.599833	0.034155	1.403646	
1.605547	0.031326	1.374669	
1.611261	0.028776	1.340430	
1.618100	0.026063	1.292428	
1.624939	0.023679	1.236769	
1.631778	0.021584	1.173492	
1.638616	0.019752	1.102668	
1.644973	0.018263	1.030703	
1.651330	0.016953	0.952047	
1.657687	0.015800	0.866268	
1.664044	0.014787	0.775132	
1.669180	0.014060	0.700659	
1.674316	0.013405	0.627864	
1.679453	0.012814	0.558035	
1.684589	0.012278	0.492463	
1.688781	0.011877	0.442726	
1.692973	0.011505	0.396408	
1.697166	0.011158	0.353551	
1.701358	0.010833	0.314208	
1.705803	0.010511	0.276317	
1.710249	0.010207	0.242140	
1.714694	0.009919	0.211454	
1.719139	0.009646	0.184090	
1.723617	0.009384	0.159697	
1.728094	0.009133	0.138173	
1.732572	0.008892	0.119245	
1.737050	0.008659	0.102696	
1.741543	0.008434	0.088267	
1.746036	0.008215	0.075757	
1.750530	0.008004	0.064939	
1.755023	0.007798	0.055631	
1.759518	0.007599	0.047663	
1.764013	0.007405	0.040852	
1.768508	0.007217	0.035043	
1.773002	0.007033	0.030108	
1.777499	0.006855	0.025934	
1.781996	0.006682	0.022406	
1.786492	0.006514	0.019430	
1.790989	0.006350	0.016926	
1.795496	0.006191	0.014822	
1.800003	0.006036	0.013059	
1.804510	0.005886	0.011581	
1.809016	0.005741	0.010344	
1.813540	0.005599	0.009306	
1.818064	0.005461	0.008438	
1.822588	0.005328	0.007710	
1.827111	0.005198	0.007099	
1.831488	0.005077	0.006600	
1.835865	0.004959	0.006176	
1.840242	0.004844	0.005814	
1.844619	0.004733	0.005504	
1.848821	0.004629	0.005246	
1.853024	0.004529	0.005020	
1.857226	0.004431	0.004822	
1.861428	0.004335	0.004645	
1.865610	0.004243	0.004489	
1.869792	0.004153	0.004348	
1.873974	0.004066	0.004219	
1.878156	0.003981	0.004101	
1.882148	0.003902	0.003998	
1.886139	0.003826	0.003901	
1.890131	0.003751	0.003810	
1.894123	0.003678	0.003724	
1.898017	0.003608	0.003645	
1.901911	0.003541	0.003570	
1.905805	0.003475	0.003497	
1.909699	0.003410	0.003428	
1.913526	0.003348	0.003362	
1.917352	0.003288	0.003299	
1.921179	0.003229	0.003237	
1.925005	0.003171	0.003178	
1.928723	0.003117	0.003122	
1.932440	0.003063	0.003067	
1.936158	0.003011	0.003014	
1.939876	0.002960	0.002962	
1.943433	0.002912	0.002914	
1.946990	0.002865	0.002866	
1.950547	0.002819	0.002820	
1.954105	0.002774	0.002775	
1.957611	0.002730	0.002731	
1.961117	0.002688	0.002689	
1.964624	0.002646	0.002647	
1.968130	0.002605	0.002606	
1.971610	0.002566	0.002566	
1.975090	0.002527	0.002527	
1.978570	0.002488	0.002489	
1.982050	0.002451	0.002451	
1.985488	0.002415	0.002415	
1.988926	0.002379	0.002379	
1.992364	0.002344	0.002344	
1.995802	0.002310	0.002310	
1.999038	0.002278	0.002278	
2.002273	0.002247	0.002247	
2.005509	0.002216	0.002216	
2.008745	0.002186	0.002186	
2.011998	0.002157	0.002157	
2.015251	0.002128	0.002128	
2.018504	0.002099	0.002099	
2.021757	0.002071	0.002071	
2.024981	0.002043	0.002043	
2.028204	0.002016	0.002016	
2.031428	0.001990	0.001990	
2.034651	0.001964	0.001964	
2.037751	0.001939	0.001939	
2.040851	0.001915	0.001915	
2.043951	0.001891	0.001891	
2.047051	0.001867	0.001867	
2.050115	0.001845	0.001845	
2.053180	0.001822	0.001822	
2.056245	0.001800	0.001800	
2.059310	0.001778	0.001778	
2.062303	0.001757	0.001757	
2.065296	0.001736	0.001736	
2.068290	0.001716	0.001716	
2.071283	0.001696	0.001696	
2.074166	0.001677	0.001677	
2.077049	0.001658	0.001658	
2.079932	0.001640	0.001640	
2.082815	0.001621	0.001621	
2.085807	0.001603	0.001603	
2.088799	0.001584	0.001584	
2.091792	0.001566	0.001566	
2.094784	0.001549	0.001549	
2.097614	0.001532	0.001532	
2.100445	0.001515	0.001515	
2.103276	0.001499	0.001499	
2.106107	0.001483	0.001483	
2.108901	0.001468	0.001468	
2.111696	0.001452	0.001452	
2.114491	0.001437	0.001437	
2.117285	0.001422	0.001422	
2.119994	0.001408	0.001408	
2.122704	0.001394	0.001394	
2.125413	0.001380	0.001380	
2.128122	0.001366	0.001366	
2.130845	0.001353	0.001353	
2.133569	0.001339	0.001339	
2.136292	0.001326	0.001326	
2.139015	0.001313	0.001313	
2.141599	0.001300	0.001300	
2.144183	0.001288	0.001288	
2.146767	0.001276	0.001276	
2.149351	0.001264	0.001264	
2.152040	0.001252	0.001252	
2.154730	0.001240	0.001240	
2.157419	0.001228	0.001228	
2.160109	0.001216	0.001216	
2.162768	0.001205	0.001205	
2.165427	0.001193	0.001193	
2.168086	0.001182	0.001182	
2.170745	0.001171	0.001171	
2.173509	0.001160	0.001160	
2.176272	0.001148	0.001148	
2.179036	0.001137	0.001137	
2.181799	0.001126	0.001126	
2.184288	0.001116	0.001116	
2.186776	0.001107	0.001107	
2.189264	0.001097	0.001097	
2.191752	0.001088	0.001088	
2.194283	0.001078	0.001078	
2.196814	0.001069	0.001069	
2.199345	0.001060	0.001060	
2.201875	0.001050	0.001050	
2.204347	0.001042	0.001042	
2.206820	0.001033	0.001033	
2.209292	0.001024	0.001024	
2.211764	0.001015	0.001015	
2.214099	0.001007	0.001007	
2.216433	0.000999	0.000999	
2.218768	0.000992	0.000992	
2.221103	0.000984	0.000984	
2.223449	0.000976	0.000976	
2.225794	0.000968	0.000968	
2.228139	0.000961	0.000961	
2.230484	0.000953	0.000953	
2.233032	0.000945	0.000945	
2.235581	0.000937	0.000937	
2.238129	0.000929	0.000929	
2.240677	0.000921	0.000921	
2.243126	0.000914	0.000914	
2.245575	0.000906	0.000906	
2.248024	0.000899	0.000899	
2.250473	0.000892	0.000892	
2.252648	0.000886	0.000886	
2.254823	0.000879	0.000879	
2.256997	0.000873	0.000873	
2.259172	0.000867	0.000867	
2.261377	0.000861	0.000861	
2.263583	0.000854	0.000854	
2.265788	0.000848	0.000848	
2.267994	0.000842	0.000842	
2.270127	0.000836	0.000836	
2.272260	0.000831	0.000831	
2.274393	0.000825	0.000825	
2.276526	0.000819	0.000819	
2.278690	0.000814	0.000814	
2.280853	0.000808	0.000808	
2.283017	0.000802	0.000802	
2.285181	0.000797	0.000797	
2.287209	0.000792	0.000792	
2.289236	0.000787	0.000787	
2.291264	0.000782	0.000782	
2.293291	0.000777	0.000777	
2.295465	0.000771	0.000771	
2.297640	0.000766	0.000766	
2.299814	0.000761	0.000761	
2.301988	0.000755	0.000755	
2.304384	0.000750	0.000750	
2.306780	0.000744	0.000744	
2.309176	0.000739	0.000739	
2.311572	0.000733	0.000733	
2.313935	0.000728	0.000728	
2.316299	0.000722	0.000722	
2.318662	0.000717	0.000717	
2.321025	0.000712	0.000712	
2.323369	0.000707	0.000707	
2.325713	0.000702	0.000702	
2.328057	0.000696	0.000696	
2.330401	0.000691	0.000691	
2.332946	0.000686	0.000686	
2.335492	0.000681	0.000681	
2.338038	0.000675	0.000675	
2.340583	0.000670	0.000670	
2.342784	0.000666	0.000666	
2.344984	0.000661	0.000661	
2.347184	0.000657	0.000657	
2.349384	0.000652	0.000652	
2.351535	0.000648	0.000648	
2.353687	0.000644	0.000644	
2.355838	0.000640	0.000640	
2.357989	0.000636	0.000636	
2.359914	0.000632	0.000632	
2.361839	0.000628	0.000628	
2.363765	0.000625	0.000625	
2.365690	0.000621	0.000621	
2.367740	0.000617	0.000617	
2.369791	0.000614	0.000614	
2.371841	0.000610	0.000610	
2.373892	0.000606	0.000606	
2.375715	0.000603	0.000603	
2.377538	0.000600	0.000600	
2.379361	0.000596	0.000596	
2.381184	0.000593	0.000593	
2.383560	0.000589	0.000589	
2.385936	0.000585	0.000585	
2.388312	0.000581	0.000581	
2.390688	0.000577	0.000577	
2.392612	0.000574	0.000574	
2.394536	0.000570	0.000570	
2.396460	0.000567	0.000567	
2.398384	0.000564	0.000564	
2.400406	0.000561	0.000561	
2.402427	0.000557	0.000557	
2.404449	0.000554	0.000554	
2.406471	0.000551	0.000551	
2.408583	0.000547	0.000547	
2.410695	0.000544	0.000544	
2.412808	0.000541	0.000541	
2.414920	0.000537	0.000537	
2.416551	0.000535	0.000535	
2.418181	0.000532	0.000532	
2.419812	0.000530	0.000530	
2.421442	0.000527	0.000527	
2.423073	0.000525	0.000525	
2.424703	0.000523	0.000523	
2.426333	0.000520	0.000520	
2.427964	0.000518	0.000518	
2.429671	0.000515	0.000515	
2.431379	0.000513	0.000513	
2.433086	0.000510	0.000510	
2.434794	0.000508	0.000508	
2.436744	0.000505	0.000505	
2.438694	0.000502	0.000502	
2.440644	0.000499	0.000499	
2.442594	0.000497	0.000497	
2.444212	0.000494	0.000494	
2.445830	0.000492	0.000492	
2.447448	0.000490	0.000490	
2.449066	0.000488	0.000488	
2.450670	0.000485	0.000485	
2.452275	0.000483	0.000483	
2.453879	0.000481	0.000481	
2.455484	0.000479	0.000479	
2.457427	0.000476	0.000476	
2.459371	0.000474	0.000474	
2.461314	0.000471	0.000471	
2.463258	0.000469	0.000469	
2.464881	0.000467	0.000467	
2.466503	0.000464	0.000464	
2.468126	0.000462	0.000462	
2.469748	0.000460	0.000460	
2.471475	0.000458	0.000458	
2.473202	0.000456	0.000456	
2.474928	0.000454	0.000454	
2.476655	0.000452	0.000452	
2.478404	0.000449	0.000449	
2.480152	0.000447	0.000447	
2.481901	0.000445	0.000445	
2.483649	0.000443	0.000443	
2.485610	0.000441	0.000441	
2.487570	0.000438	0.000438	
2.489531	0.000436	0.000436	
2.491492	0.000434	0.000434	
2.492956	0.000432	0.000432	
2.494420	0.000430	0.000430	
2.495884	0.000428	0.000428	
2.497349	0.000427	0.000427	
2.498813	0.000425	0.000425	
2.500277	0.000423	0.000423	
2.501741	0.000422	0.000422	
2.503205	0.000420	0.000420	
2.504741	0.000418	0.000418	
2.506277	0.000417	0.000417	
2.507813	0.000415	0.000415	
2.509349	0.000413	0.000413	
2.510779	0.000411	0.000411	
2.512208	0.000410	0.000410	
2.513638	0.000408	0.000408	
2.515067	0.000407	0.000407	
2.516470	0.000405	0.000405	
2.517873	0.000404	0.000404	
2.519277	0.000402	0.000402	
2.520680	0.000401	0.000401	
2.522235	0.000399	0.000399	
2.523790	0.000397	0.000397	
2.525345	0.000396	0.000396	
2.526900	0.000394	0.000394	
2.528526	0.000392	0.000392	
2.530151	0.000391	0.000391	
2.531776	0.000389	0.000389	
2.533401	0.000387	0.000387	
2.535030	0.000386	0.000386	
2.536660	0.000384	0.000384	
2.538289	0.000382	0.000382	
2.539919	0.000381	0.000381	
2.541627	0.000379	0.000379	
2.543336	0.000377	0.000377	
2.545044	0.000376	0.000376	
2.546753	0.000374	0.000374	
2.548180	0.000373	0.000373	
2.549607	0.000371	0.000371	
2.551034	0.000370	0.000370	
2.552461	0.000368	0.000368	
2.554077	0.000367	0.000367	
2.555693	0.000365	0.000365	
2.557310	0.000364	0.000364	
2.558926	0.000362	0.000362	
2.560481	0.000361	0.000361	
2.562035	0.000359	0.000359	
2.563590	0.000358	0.000358	
2.565145	0.000356	0.000356	
2.567005	0.000355	0.000355	
2.568865	0.000353	0.000353	
2.570726	0.000351	0.000351	
2.572586	0.000350	0.000350	
2.574206	0.000348	0.000348	
2.575826	0.000347	0.000347	
2.577446	0.000345	0.000345	
2.579066	0.000344	0.000344	
2.580525	0.000343	0.000343	
2.581984	0.000341	0.000341	
2.583443	0.000340	0.000340	
2.584902	0.000339	0.000339	
2.586161	0.000338	0.000338	
2.587420	0.000337	0.000337	
2.588679	0.000335	0.000335	
2.589938	0.000334	0.000334	
2.591343	0.000333	0.000333	
2.592749	0.000332	0.000332	
2.594155	0.000331	0.000331	
2.595560	0.000330	0.000330	
2.596954	0.000328	0.000328	
2.598349	0.000327	0.000327	
2.599743	0.000326	0.000326	
2.601138	0.000325	0.000325	
2.602379	0.000324	0.000324	
2.603620	0.000323	0.000323	
2.604861	0.000322	0.000322	
2.606102	0.000321	0.000321	
2.607323	0.000320	0.000320	
2.608543	0.000319	0.000319	
2.609764	0.000318	0.000318	
2.610985	0.000317	0.000317	
2.612235	0.000316	0.000316	
2.613484	0.000315	0.000315	
2.614734	0.000314	0.000314	
2.615984	0.000313	0.000313	
2.617376	0.000312	0.000312	
2.618767	0.000311	0.000311	
2.620159	0.000310	0.000310	
2.621550	0.000309	0.000309	
2.622895	0.000308	0.000308	
2.624240	0.000307	0.000307	
2.625584	0.000306	0.000306	
2.626929	0.000305	0.000305	
2.628281	0.000304	0.000304	
2.629633	0.000303	0.000303	
2.630985	0.000301	0.000301	
2.632337	0.000300	0.000300	
2.633840	0.000299	0.000299	
2.635343	0.000298	0.000298	
2.636846	0.000297	0.000297	
2.638349	0.000296	0.000296	
2.639788	0.000295	0.000295	
2.641227	0.000294	0.000294	
2.642666	0.000293	0.000293	
2.644104	0.000292	0.000292	
2.645543	0.000291	0.000291	
2.646982	0.000290	0.000290	
2.648421	0.000289	0.000289	
2.649860	0.000288	0.000288	
2.651364	0.000287	0.000287	
2.652868	0.000286	0.000286	
2.654372	0.000285	0.000285	
2.655875	0.000284	0.000284	
2.657270	0.000283	0.000283	
2.658665	0.000282	0.000282	
2.660060	0.000281	0.000281	
2.661455	0.000280	0.000280	
2.662821	0.000279	0.000279	
2.664187	0.000278	0.000278	
2.665553	0.000277	0.000277	
2.666919	0.000276	0.000276	
2.668313	0.000275	0.000275	
2.669707	0.000274	0.000274	
2.671101	0.000273	0.000273	
2.672495	0.000272	0.000272	
2.673850	0.000271	0.000271	
2.675205	0.000270	0.000270	
2.676560	0.000270	0.000270	
2.677915	0.000269	0.000269	
2.679226	0.000268	0.000268	
2.680536	0.000267	0.000267	
2.681847	0.000266	0.000266	
2.683158	0.000265	0.000265	
2.684373	0.000265	0.000265	
2.685589	0.000264	0.000264	
2.686805	0.000263	0.000263	
2.688020	0.000262	0.000262	
2.689625	0.000261	0.000261	
2.691230	0.000260	0.000260	
2.692834	0.000259	0.000259	
2.694439	0.000258	0.000258	
2.696009	0.000257	0.000257	
2.697579	0.000256	0.000256	
2.699149	0.000255	0.000255	
2.700719	0.000254	0.000254	
2.702103	0.000254	0.000254	
2.703487	0.000253	0.000253	
2.704871	0.000252	0.000252	
2.706255	0.000251	0.000251	
2.707770	0.000250	0.000250	
2.709284	0.000249	0.000249	
2.710798	0.000248	0.000248	
2.712313	0.000248	0.000248	
2.713697	0.000247	0.000247	
2.715081	0.000246	0.000246	
2.716466	0.000245	0.000245	
2.717850	0.000244	0.000244	
2.719009	0.000244	0.000244	
2.720167	0.000243	0.000243	
2.721326	0.000242	0.000242	
2.722485	0.000242	0.000242	
2.723730	0.000241	0.000241	
2.724975	0.000240	0.000240	
2.726220	0.000240	0.000240	
2.727465	0.000239	0.000239	
2.728760	0.000238	0.000238	
2.730055	0.000237	0.000237	
2.731349	0.000237	0.000237	
2.732644	0.000236	0.000236	
2.733796	0.000235	0.000235	
2.734948	0.000235	0.000235	
2.736101	0.000234	0.000234	
2.737253	0.000233	0.000233	
2.738386	0.000233	0.000233	
2.739520	0.000232	0.000232	
2.740654	0.000232	0.000232	
2.741788	0.000231	0.000231	
2.743136	0.000230	0.000230	
2.744485	0.000230	0.000230	
2.745833	0.000229	0.000229	
2.747182	0.000228	0.000228	
2.748432	0.000227	0.000227	
2.749683	0.000227	0.000227	
2.750934	0.000226	0.000226	
2.752185	0.000225	0.000225	
2.753563	0.000225	0.000225	
2.754941	0.000224	0.000224	
2.756319	0.000223	0.000223	
2.757697	0.000223	0.000223	
2.758977	0.000222	0.000222	
2.760257	0.000221	0.000221	
2.761537	0.000221	0.000221	
2.762817	0.000220	0.000220	
2.764001	0.000219	0.000219	
2.765185	0.000219	0.000219	
2.766369	0.000218	0.000218	
2.767553	0.000218	0.000218	
2.769144	0.000217	0.000217	
2.770735	0.000216	0.000216	
2.772327	0.000215	0.000215	
2.773918	0.000214	0.000214	
2.775398	0.000214	0.000214	
2.776878	0.000213	0.000213	
2.778358	0.000212	0.000212	
2.779838	0.000212	0.000212	
2.781100	0.000211	0.000211	
2.782362	0.000210	0.000210	
2.783624	0.000210	0.000210	
2.784886	0.000209	0.000209	
2.786262	0.000209	0.000209	
2.787638	0.000208	0.000208	
2.789014	0.000207	0.000207	
2.790390	0.000207	0.000207	
2.791614	0.000206	0.000206	
2.792837	0.000205	0.000205	
2.794060	0.000205	0.000205	
2.795284	0.000204	0.000204	
2.796583	0.000204	0.000204	
2.797882	0.000203	0.000203	
2.799181	0.000203	0.000203	
2.800480	0.000202	0.000202	
2.801907	0.000201	0.000201	
2.803334	0.000201	0.000201	
2.804761	0.000200	0.000200	
2.806188	0.000199	0.000199	
2.807365	0.000199	0.000199	
2.808543	0.000198	0.000198	
2.809720	0.000198	0.000198	
2.810897	0.000197	0.000197	
2.812075	0.000197	0.000197	
2.813252	0.000196	0.000196	
2.814430	0.000196	0.000196	
2.815607	0.000195	0.000195	
2.816786	0.000195	0.000195	
2.817965	0.000194	0.000194	
2.819144	0.000194	0.000194	
2.820323	0.000193	0.000193	
2.821535	0.000193	0.000193	
2.822747	0.000192	0.000192	
2.823959	0.000192	0.000192	
2.825171	0.000191	0.000191	
2.826568	0.000191	0.000191	
2.827966	0.000190	0.000190	
2.829363	0.000189	0.000189	
2.830761	0.000189	0.000189	
2.832067	0.000188	0.000188	
2.833373	0.000188	0.000188	
2.834679	0.000187	0.000187	
2.835985	0.000187	0.000187	
2.837348	0.000186	0.000186	
2.838711	0.000185	0.000185	
2.840074	0.000185	0.000185	
2.841437	0.000184	0.000184	
2.842668	0.000184	0.000184	
2.843898	0.000183	0.000183	
2.845129	0.000183	0.000183	
2.846360	0.000182	0.000182	
2.847590	0.000182	0.000182	
2.848821	0.000181	0.000181	
2.850051	0.000181	0.000181	
2.851282	0.000180	0.000180	
2.852502	0.000180	0.000180	
2.853722	0.000179	0.000179	
2.854941	0.000179	0.000179	
2.856161	0.000179	0.000179	
2.857350	0.000178	0.000178	
2.858540	0.000178	0.000178	
2.859729	0.000177	0.000177	
2.860918	0.000177	0.000177	
2.862012	0.000176	0.000176	
2.863106	0.000176	0.000176	
2.864200	0.000175	0.000175	
2.865294	0.000175	0.000175	
2.866539	0.000175	0.000175	
2.867784	0.000174	0.000174	
2.869029	0.000174	0.000174	
2.870274	0.000173	0.000173	
2.871660	0.000173	0.000173	
2.873046	0.000172	0.000172	
2.874432	0.000172	0.000172	
2.875818	0.000171	0.000171	
2.876957	0.000171	0.000171	
2.878096	0.000170	0.000170	
2.879235	0.000170	0.000170	
2.880373	0.000169	0.000169	
2.881760	0.000169	0.000169	
2.883147	0.000168	0.000168	
2.884533	0.000168	0.000168	
2.885920	0.000167	0.000167	
2.887144	0.000167	0.000167	
2.888368	0.000167	0.000167	
2.889592	0.000166	0.000166	
2.890816	0.000166	0.000166	
2.892179	0.000165	0.000165	
2.893542	0.000165	0.000165	
2.894906	0.000164	0.000164	
2.896269	0.000164	0.000164	
2.897532	0.000163	0.000163	
2.898795	0.000163	0.000163	
2.900059	0.000162	0.000162	
2.901322	0.000162	0.000162	
2.902335	0.000162	0.000162	
2.903347	0.000161	0.000161	
2.904360	0.000161	0.000161	
2.905373	0.000161	0.000161	
2.906873	0.000160	0.000160	
2.908374	0.000160	0.000160	
2.909875	0.000159	0.000159	
2.911375	0.000159	0.000159	
2.912502	0.000158	0.000158	
2.913629	0.000158	0.000158	
2.914756	0.000157	0.000157	
2.915883	0.000157	0.000157	
2.917010	0.000157	0.000157	
2.918137	0.000156	0.000156	
2.919265	0.000156	0.000156	
2.920392	0.000156	0.000156	
2.921597	0.000155	0.000155	
2.922802	0.000155	0.000155	
2.924008	0.000154	0.000154	
2.925213	0.000154	0.000154	
2.926415	0.000154	0.000154	
2.927616	0.000153	0.000153	
2.928818	0.000153	0.000153	
2.930019	0.000152	0.000152	
2.931099	0.000152	0.000152	
2.932178	0.000152	0.000152	
2.933257	0.000151	0.000151	
2.934337	0.000151	0.000151	
2.935513	0.000151	0.000151	
2.936690	0.000150	0.000150	
2.937867	0.000150	0.000150	
2.939044	0.000150	0.000150	
2.940189	0.000149	0.000149	
2.941334	0.000149	0.000149	
2.942479	0.000149	0.000149	
2.943624	0.000148	0.000148	
2.944577	0.000148	0.000148	
2.945530	0.000148	0.000148	
2.946483	0.000147	0.000147	
2.947436	0.000147	0.000147	
2.948562	0.000147	0.000147	
2.949688	0.000146	0.000146	
2.950814	0.000146	0.000146	
2.951939	0.000146	0.000146	
2.953357	0.000145	0.000145	
2.954775	0.000145	0.000145	
2.956193	0.000144	0.000144	
2.957610	0.000144	0.000144	
2.958779	0.000144	0.000144	
2.959948	0.000143	0.000143	
2.961116	0.000143	0.000143	
2.962285	0.000143	0.000143	
2.963552	0.000142	0.000142	
2.964818	0.000142	0.000142	
2.966085	0.000141	0.000141	
2.967351	0.000141	0.000141	
2.968355	0.000141	0.000141	
2.969358	0.000140	0.000140	
2.970362	0.000140	0.000140	
2.971365	0.000140	0.000140	
2.972369	0.000140	0.000140	
2.973372	0.000139	0.000139	
2.974376	0.000139	0.000139	
2.975379	0.000139	0.000139	
2.976492	0.000138	0.000138	
2.977606	0.000138	0.000138	
2.978719	0.000138	0.000138	
2.979833	0.000137	0.000137	
2.980979	0.000137	0.000137	
2.982125	0.000137	0.000137	
2.983271	0.000137	0.000137	
2.984417	0.000136	0.000136	
2.985564	0.000136	0.000136	
2.986710	0.000136	0.000136	
2.987856	0.000135	0.000135	
2.989002	0.000135	0.000135	
2.990358	0.000135	0.000135	
2.991715	0.000134	0.000134	
2.993071	0.000134	0.000134	
2.994427	0.000133	0.000133	
2.995667	0.000133	0.000133	
2.996907	0.000133	0.000133	
2.998148	0.000132	0.000132	
2.999388	0.000132	0.000132	
2.999541	0.000132	0.000132	
2.999694	0.000132	0.000132	
2.999847	0.000132	0.000132	
3.000000	0.000132	0.000132	
