0.000000	-4.875800	21.693141	0.179076	-4.845594	21.591440	
0.000040	-4.875800	21.693141	0.179076	-4.845629	21.591441	
0.000081	-4.875800	21.693141	0.179076	-4.845675	21.591297	
0.000121	-4.875800	21.693141	0.179076	-4.845706	21.591346	
0.000161	-4.875800	21.693141	0.179076	-4.845552	21.591448	
0.000269	-4.875800	21.693141	0.179076	-4.845529	21.591456	
0.000376	-4.875800	21.693141	0.179076	-4.845774	21.591377	
0.000483	-4.875800	21.693141	0.179076	-4.845706	21.591338	
0.000591	-4.875800	21.693141	0.179076	-4.845566	21.591256	
0.000817	-4.875796	21.693138	0.179074	-4.845611	21.591367	
0.001042	-4.875796	21.693138	0.179074	-4.845494	21.591419	
0.001268	-4.875794	21.693141	0.179074	-4.845655	21.591415	
0.001494	-4.875789	21.693138	0.179072	-4.845808	21.591358	
0.001733	-4.875787	21.693141	0.179072	-4.845525	21.591418	
0.001972	-4.875780	21.693140	0.179071	-4.845837	21.591451	
0.002211	-4.875775	21.693137	0.179069	-4.845515	21.591417	
0.002450	-4.875773	21.693140	0.179069	-4.845672	21.591449	
0.003186	-4.875746	21.693139	0.179063	-4.845671	21.591287	
0.003922	-4.875714	21.693135	0.179055	-4.845580	21.591376	
0.004658	-4.875667	21.693123	0.179043	-4.845517	21.591357	
0.005395	-4.875612	21.693112	0.179029	-4.845537	21.591510	
0.006099	-4.875543	21.693093	0.179010	-4.845383	21.591504	
0.006803	-4.875464	21.693068	0.178988	-4.845503	21.591400	
0.007507	-4.875365	21.693032	0.178960	-4.845237	21.591571	
0.008211	-4.875257	21.692990	0.178929	-4.845055	21.591436	
0.010538	-4.874772	21.692801	0.178789	-4.844593	21.591471	
0.012865	-4.874073	21.692498	0.178581	-4.844036	21.591370	
0.015192	-4.873117	21.692066	0.178294	-4.843063	21.591080	
0.017518	-4.871873	21.691481	0.177916	-4.842013	21.590927	
0.027355	-4.862547	21.686841	0.175048	-4.833391	21.589073	
0.037192	-4.844527	21.677478	0.169480	-4.817075	21.585085	
0.047029	-4.814954	21.661832	0.160472	-4.790293	21.578499	
0.056865	-4.770950	21.638491	0.147672	-4.750236	21.568280	
0.062576	-4.737648	21.620963	0.138693	-4.719872	21.560351	
0.068287	-4.697956	21.600359	0.129069	-4.683519	21.551413	
0.073997	-4.651333	21.576670	0.119649	-4.640810	21.541094	
0.079708	-4.597270	21.550054	0.111818	-4.591309	21.529074	
0.085419	-4.535278	21.520850	0.107420	-4.533663	21.515454	
0.091129	-4.464929	21.489637	0.108169	-4.468348	21.500363	
0.096840	-4.385838	21.457254	0.114576	-4.393921	21.484161	
0.102550	-4.297669	21.424798	0.125356	-4.309938	21.466380	
0.106133	-4.237594	21.404995	0.133210	-4.252338	21.454776	
0.109715	-4.173774	21.386050	0.141003	-4.190553	21.442591	
0.113298	-4.106134	21.368333	0.147969	-4.124503	21.430309	
0.116880	-4.034609	21.352216	0.153390	-4.053963	21.417637	
0.119491	-3.979985	21.341667	0.155997	-3.999575	21.408315	
0.122102	-3.923225	21.332261	0.157237	-3.942871	21.399021	
0.124713	-3.864275	21.324094	0.156953	-3.883629	21.389507	
0.127324	-3.803099	21.317235	0.155046	-3.821472	21.379944	
0.129935	-3.739625	21.311711	0.151499	-3.757013	21.370835	
0.132546	-3.673826	21.307594	0.146398	-3.689722	21.361526	
0.135157	-3.605735	21.305025	0.139970	-3.619735	21.352832	
0.137768	-3.535410	21.304170	0.132608	-3.547508	21.344593	
0.141274	-3.437584	21.305874	0.122221	-3.446445	21.335587	
0.144780	-3.335810	21.310645	0.112738	-3.341371	21.328721	
0.148285	-3.229940	21.318071	0.105855	-3.232021	21.324866	
0.151791	-3.119776	21.327609	0.102852	-3.118700	21.323044	
0.156696	-2.958097	21.343482	0.105359	-2.953052	21.325190	
0.161600	-2.787238	21.361230	0.112589	-2.779102	21.332247	
0.166505	-2.606956	21.379941	0.119693	-2.597137	21.344815	
0.171409	-2.417177	21.399147	0.122959	-2.406966	21.362362	
0.195932	-1.335611	21.520514	0.100370	-1.336841	21.526613	
0.220454	-0.090922	21.779219	0.112263	-0.094919	21.798375	
0.244977	1.258660	22.139728	0.110177	1.261656	22.123954	
0.269500	2.654063	22.425122	0.097590	2.653375	22.426358	
0.285779	3.551863	22.560120	0.112449	3.550347	22.572585	
0.302059	4.392303	22.648763	0.098000	4.392423	22.652029	
0.318338	5.154979	22.661456	0.109688	5.155941	22.653310	
0.334618	5.823019	22.580306	0.102684	5.823628	22.574101	
0.350898	6.385361	22.419145	0.103244	6.385949	22.421526	
0.367177	6.841580	22.204487	0.105544	6.841341	22.210438	
0.383457	7.197637	21.956084	0.106893	7.196916	21.960295	
0.399736	7.463353	21.689159	0.103344	7.463001	21.689975	
0.410215	7.593108	21.515201	0.097373	7.592844	21.514978	
0.420694	7.696059	21.344398	0.098685	7.696320	21.343440	
0.431173	7.776512	21.180238	0.105260	7.777047	21.179025	
0.441652	7.838285	21.025673	0.109912	7.838855	21.024127	
0.452131	7.884820	20.882933	0.110173	7.885524	20.880801	
0.462609	7.919359	20.752758	0.107747	7.920001	20.750121	
0.473088	7.944578	20.635431	0.105111	7.944956	20.632545	
0.483567	7.962605	20.531277	0.103653	7.962944	20.528040	
0.493023	7.974167	20.448634	0.103445	7.974248	20.444939	
0.502480	7.982439	20.375927	0.103900	7.982690	20.372382	
0.511936	7.988274	20.312421	0.104618	7.988274	20.308859	
0.521393	7.992314	20.257624	0.105327	7.992299	20.253914	
0.529689	7.994774	20.216297	0.105838	7.994420	20.212760	
0.537986	7.996509	20.180540	0.106221	7.996721	20.176712	
0.546283	7.997720	20.149755	0.106485	7.997678	20.145992	
0.554580	7.998551	20.123510	0.106652	7.998497	20.119964	
0.562120	7.999070	20.103233	0.106740	7.998881	20.099635	
0.569661	7.999430	20.085912	0.106785	7.999108	20.082227	
0.577202	7.999678	20.071174	0.106800	7.999551	20.067668	
0.584743	7.999846	20.058738	0.106797	7.999589	20.055012	
0.591739	7.999952	20.049031	0.106785	7.999902	20.045470	
0.598735	8.000024	20.040831	0.106768	7.999851	20.037320	
0.605731	8.000073	20.033922	0.106749	8.000031	20.030385	
0.612727	8.000106	20.028155	0.106730	7.999880	20.024617	
0.619314	8.000126	20.023632	0.106713	7.999980	20.020265	
0.625900	8.000140	20.019847	0.106698	7.999814	20.016336	
0.632487	8.000149	20.016699	0.106684	7.999867	20.013379	
0.639073	8.000155	20.014093	0.106673	8.000047	20.010635	
0.645340	8.000159	20.012047	0.106664	7.999756	20.008731	
0.651607	8.000161	20.010351	0.106657	7.999752	20.007053	
0.657873	8.000162	20.008959	0.106650	7.999923	20.005453	
0.664140	8.000163	20.007819	0.106645	7.999987	20.004406	
0.670176	8.000164	20.006919	0.106641	8.000063	20.003492	
0.676212	8.000164	20.006186	0.106638	7.999870	20.002669	
0.682248	8.000165	20.005591	0.106636	8.000076	20.002169	
0.688284	8.000165	20.005110	0.106634	8.000093	20.001656	
0.694149	8.000165	20.004728	0.106632	8.000127	20.001366	
0.700014	8.000165	20.004425	0.106631	8.000012	20.001119	
0.705879	8.000165	20.004180	0.106630	7.999905	20.000884	
0.711744	8.000165	20.003988	0.106630	7.999948	20.000619	
0.717245	8.000165	20.003843	0.106629	7.999967	20.000388	
0.722746	8.000165	20.003727	0.106629	7.999771	20.000395	
0.728247	8.000165	20.003633	0.106629	8.000150	20.000195	
0.733748	8.000165	20.003564	0.106629	8.000219	20.000071	
0.738109	8.000165	20.003514	0.106629	7.999994	20.000130	
0.742471	8.000165	20.003479	0.106629	8.000040	20.000095	
0.746832	8.000165	20.003444	0.106629	7.999965	20.000070	
0.751193	8.000165	20.003424	0.106629	8.000040	20.000015	
0.755554	8.000165	20.003401	0.106629	7.999939	19.999905	
0.759915	8.000165	20.003383	0.106629	7.999931	19.999740	
0.764277	8.000165	20.003370	0.106629	7.999932	20.000080	
0.768638	8.000165	20.003362	0.106629	7.999950	19.999932	
0.773298	8.000165	20.003354	0.106629	8.000103	19.999859	
0.777959	8.000165	20.003351	0.106629	8.000011	19.999834	
0.782619	8.000165	20.003348	0.106629	8.000104	19.999862	
0.787279	8.000165	20.003345	0.106629	8.000225	19.999839	
0.791162	8.000165	20.003342	0.106630	8.000171	19.999838	
0.795044	8.000165	20.003336	0.106630	8.000153	19.999759	
0.798927	8.000165	20.003338	0.106630	7.999920	19.999999	
0.802809	8.000165	20.003340	0.106630	8.000098	19.999997	
0.807155	8.000165	20.003337	0.106630	8.000059	20.000099	
0.811500	8.000165	20.003339	0.106630	8.000099	19.999970	
0.815846	8.000165	20.003341	0.106630	7.999946	19.999782	
0.820192	8.000165	20.003343	0.106630	7.999992	20.000030	
0.824158	8.000165	20.003345	0.106630	7.999952	19.999797	
0.828124	8.000165	20.003347	0.106630	7.999890	19.999984	
0.832091	8.000165	20.003349	0.106630	8.000030	19.999889	
0.836057	8.000165	20.003352	0.106631	7.999989	19.999899	
0.839403	8.000165	20.003352	0.106631	7.999796	19.999865	
0.842749	8.000165	20.003354	0.106631	7.999847	19.999840	
0.846095	8.000165	20.003356	0.106631	7.999900	19.999891	
0.849441	8.000165	20.003353	0.106631	8.000195	19.999986	
0.853126	8.000165	20.003358	0.106631	8.000046	19.999864	
0.856812	8.000165	20.003360	0.106631	8.000077	19.999806	
0.860498	8.000165	20.003362	0.106631	7.999908	19.999779	
0.864184	8.000165	20.003364	0.106631	7.999765	19.999671	
0.867264	8.000165	20.003364	0.106631	7.999968	20.000032	
0.870345	8.000165	20.003366	0.106631	7.999955	20.000026	
0.873425	8.000165	20.003368	0.106631	7.999905	20.000014	
0.876505	8.000165	20.003368	0.106631	8.000095	19.999966	
0.879623	8.000165	20.003370	0.106631	8.000106	20.000088	
0.882741	8.000165	20.003370	0.106631	8.000132	19.999960	
0.885859	8.000165	20.003372	0.106631	8.000035	20.000167	
0.888976	8.000165	20.003374	0.106631	8.000005	20.000043	
0.892094	8.000165	20.003374	0.106631	7.999992	20.000049	
0.895212	8.000165	20.003376	0.106631	7.999967	20.000174	
0.898330	8.000165	20.003378	0.106632	8.000044	19.999934	
0.901448	8.000165	20.003378	0.106632	7.999903	19.999884	
0.905257	8.000165	20.003380	0.106632	8.000102	20.000089	
0.909066	8.000165	20.003382	0.106632	8.000125	19.999927	
0.912875	8.000165	20.003384	0.106632	7.999949	20.000042	
0.916684	8.000165	20.003389	0.106632	8.000048	19.999917	
0.918200	8.000165	20.003386	0.106632	7.999982	20.000067	
0.919717	8.000165	20.003386	0.106632	8.000051	19.999984	
0.921233	8.000165	20.003391	0.106632	8.000025	19.999955	
0.922749	8.000165	20.003388	0.106632	7.999994	20.000205	
0.924266	8.000165	20.003388	0.106632	8.000011	19.999914	
0.925782	8.000165	20.003393	0.106632	7.999956	20.000077	
0.927298	8.000165	20.003390	0.106632	8.000043	20.000035	
0.928815	8.000165	20.003390	0.106632	7.999990	20.000121	
0.930734	8.000165	20.003392	0.106632	8.000019	19.999979	
0.932653	8.000165	20.003392	0.106632	8.000058	20.000061	
0.934572	8.000165	20.003394	0.106632	7.999947	19.999724	
0.936492	8.000165	20.003394	0.106632	8.000081	20.000076	
0.938591	8.000165	20.003399	0.106632	7.999937	20.000146	
0.940690	8.000165	20.003396	0.106632	7.999931	20.000010	
0.942789	8.000165	20.003401	0.106632	8.000003	20.000021	
0.944888	8.000165	20.003398	0.106632	8.000072	19.999954	
0.947227	8.000165	20.003403	0.106632	7.999910	19.999945	
0.949565	8.000165	20.003400	0.106632	7.999879	20.000051	
0.951904	8.000165	20.003405	0.106632	8.000035	19.999962	
0.954242	8.000165	20.003407	0.106633	7.999819	19.999759	
0.956493	8.000165	20.003404	0.106633	8.000022	20.000074	
0.958744	8.000165	20.003409	0.106633	8.000147	20.000037	
0.960995	8.000165	20.003406	0.106633	7.999941	19.999925	
0.963246	8.000165	20.003411	0.106633	8.000065	19.999868	
0.964664	8.000165	20.003411	0.106633	8.000096	20.000014	
0.966082	8.000165	20.003408	0.106633	8.000039	19.999974	
0.967500	8.000165	20.003413	0.106633	7.999856	19.999939	
0.968918	8.000165	20.003413	0.106633	8.000101	19.999985	
0.969859	8.000165	20.003410	0.106633	8.000051	20.000087	
0.970800	8.000165	20.003410	0.106633	7.999816	19.999967	
0.971741	8.000165	20.003415	0.106633	7.999969	20.000089	
0.972681	8.000165	20.003415	0.106633	8.000009	20.000101	
0.973622	8.000165	20.003415	0.106633	8.000095	20.000140	
0.974563	8.000165	20.003412	0.106633	8.000060	20.000008	
0.975504	8.000165	20.003412	0.106633	8.000080	19.999963	
0.976445	8.000165	20.003417	0.106633	7.999986	19.999960	
0.977018	8.000165	20.003417	0.106633	7.999904	20.000060	
0.977592	8.000165	20.003417	0.106633	8.000166	19.999845	
0.978166	8.000165	20.003417	0.106633	7.999955	20.000058	
0.978739	8.000165	20.003417	0.106633	8.000112	20.000142	
0.979313	8.000165	20.003417	0.106633	7.999990	20.000104	
0.979886	8.000165	20.003414	0.106633	8.000014	20.000039	
0.980460	8.000165	20.003414	0.106633	7.999965	20.000118	
0.981033	8.000165	20.003414	0.106633	7.999996	19.999896	
0.981550	8.000165	20.003414	0.106633	7.999974	19.999862	
0.982067	8.000165	20.003414	0.106633	8.000079	20.000029	
0.982584	8.000165	20.003419	0.106633	7.999835	19.999928	
0.983102	8.000165	20.003419	0.106633	7.999992	19.999816	
0.983541	8.000165	20.003419	0.106633	8.000112	19.999716	
0.983980	8.000165	20.003419	0.106633	7.999878	19.999789	
0.984419	8.000165	20.003419	0.106633	8.000069	20.000033	
0.984858	8.000165	20.003419	0.106633	7.999886	19.999856	
0.985225	8.000165	20.003419	0.106633	7.999937	20.000188	
0.985593	8.000165	20.003419	0.106633	8.000018	20.000013	
0.985961	8.000165	20.003419	0.106633	7.999926	20.000020	
0.986329	8.000165	20.003419	0.106633	8.000052	19.999838	
0.986638	8.000165	20.003419	0.106633	8.000117	19.999907	
0.986947	8.000165	20.003419	0.106633	8.000002	19.999997	
0.987257	8.000165	20.003419	0.106633	8.000144	20.000124	
0.987566	8.000165	20.003419	0.106633	7.999872	19.999915	
0.987863	8.000165	20.003419	0.106633	8.000078	20.000001	
0.988160	8.000165	20.003419	0.106633	8.000079	20.000128	
0.988457	8.000165	20.003419	0.106633	7.999905	20.000067	
0.988754	8.000165	20.003419	0.106633	7.999933	19.999857	
0.989055	8.000165	20.003419	0.106633	7.999971	20.000009	
0.989357	8.000165	20.003419	0.106633	8.000068	19.999929	
0.989658	8.000165	20.003419	0.106633	8.000107	20.000118	
0.989960	8.000165	20.003419	0.106633	8.000089	20.000078	
0.990379	8.000165	20.003419	0.106633	7.999834	19.999720	
0.990799	8.000165	20.003419	0.106633	8.000078	20.000000	
0.991219	8.000165	20.003419	0.106633	8.000134	19.999966	
0.991639	8.000165	20.003419	0.106633	8.000168	19.999876	
0.992099	8.000165	20.003419	0.106633	8.000031	19.999968	
0.992559	8.000165	20.003419	0.106633	8.000020	20.000042	
0.993020	8.000165	20.003419	0.106633	8.000023	19.999896	
0.993480	8.000165	20.003419	0.106633	8.000084	19.999987	
0.994195	8.000165	20.003419	0.106633	7.999779	20.000070	
0.994909	8.000165	20.003419	0.106633	7.999915	20.000190	
0.995623	8.000165	20.003419	0.106633	8.000025	19.999826	
0.996338	8.000165	20.003419	0.106633	8.000017	19.999964	
0.996974	8.000165	20.003419	0.106633	8.000072	19.999960	
0.997610	8.000165	20.003419	0.106633	7.999883	20.000061	
0.998246	8.000165	20.003419	0.106633	8.000027	20.000114	
0.998883	8.000165	20.003419	0.106633	7.999962	20.000061	
0.999424	8.000165	20.003419	0.106633	8.000000	20.000196	
0.999966	8.000165	20.003419	0.106633	8.000025	20.000040	
1.000508	8.000165	20.003419	0.106633	8.000161	19.999976	
1.001050	8.000165	20.003419	0.106633	7.999855	19.999770	
1.001516	8.000165	20.003419	0.106633	8.000026	19.999932	
1.001982	8.000165	20.003419	0.106633	8.000060	19.999815	
1.002449	8.000165	20.003419	0.106633	8.000036	19.999985	
1.002915	8.000165	20.003414	0.106633	7.999925	19.999886	
1.003834	8.000165	20.003417	0.106633	7.999969	20.000076	
1.004753	8.000165	20.003417	0.106633	7.999879	20.000070	
1.005671	8.000165	20.003412	0.106633	8.000082	19.999995	
1.006590	8.000165	20.003415	0.106633	8.000216	19.999971	
1.008004	8.000165	20.003408	0.106633	8.000093	20.000013	
1.009418	8.000165	20.003406	0.106633	8.000053	20.000011	
1.010832	8.000165	20.003407	0.106633	7.999986	20.000136	
1.012246	8.000165	20.003403	0.106632	8.000104	19.999839	
1.014292	8.000165	20.003397	0.106632	8.000002	19.999977	
1.016338	8.000165	20.003386	0.106632	8.000008	20.000117	
1.018385	8.000165	20.003378	0.106632	8.000056	19.999901	
1.020431	8.000165	20.003370	0.106631	7.999964	20.000035	
1.024248	8.000165	20.003352	0.106631	7.999844	20.000006	
1.028065	8.000165	20.003326	0.106630	7.999975	19.999760	
1.031882	8.000165	20.003300	0.106629	8.000080	19.999821	
1.035698	8.000165	20.003268	0.106628	8.000062	19.999786	
1.038051	8.000165	20.003250	0.106627	7.999896	19.999819	
1.040403	8.000165	20.003230	0.106626	8.000101	19.999816	
1.042756	8.000165	20.003205	0.106625	8.000061	19.999739	
1.045109	8.000165	20.003182	0.106624	7.999968	19.999640	
1.046048	8.000165	20.003177	0.106624	8.000126	19.999785	
1.046987	8.000165	20.003164	0.106624	8.000076	19.999710	
1.047926	8.000165	20.003154	0.106623	7.999875	19.999622	
1.048865	8.000165	20.003144	0.106623	8.000105	19.999588	
1.049392	8.000165	20.003135	0.106623	8.000238	19.999910	
1.049919	8.000165	20.003128	0.106622	7.999851	20.000014	
1.050446	8.000165	20.003127	0.106622	8.000004	19.999813	
1.050972	8.000165	20.003121	0.106622	8.000150	19.999569	
1.051499	8.000165	20.003115	0.106622	7.999951	19.999795	
1.052026	8.000165	20.003106	0.106621	8.000020	19.999604	
1.052553	8.000165	20.003100	0.106621	8.000121	19.999534	
1.053080	8.000165	20.003102	0.106621	8.000135	19.999823	
1.053830	8.000165	20.003105	0.106620	8.000015	19.999632	
1.054580	8.000165	20.003131	0.106620	8.000002	19.999749	
1.055330	8.000165	20.003187	0.106619	7.999927	19.999779	
1.056079	8.000165	20.003270	0.106617	7.999925	19.999812	
1.057709	8.000165	20.003608	0.106613	8.000001	19.999956	
1.059339	8.000165	20.004201	0.106606	7.999979	20.000691	
1.060969	8.000165	20.005092	0.106596	7.999941	20.001753	
1.062599	8.000166	20.006318	0.106582	8.000131	20.002982	
1.064591	8.000165	20.008279	0.106561	7.999942	20.004749	
1.066582	8.000164	20.010758	0.106534	7.999908	20.007383	
1.068573	8.000162	20.013782	0.106501	8.000131	20.010322	
1.070564	8.000157	20.017351	0.106463	8.000121	20.013910	
1.079784	8.000083	20.041531	0.106198	7.999932	20.038211	
1.089004	7.999817	20.079373	0.105770	7.999707	20.076247	
1.098224	7.999137	20.132294	0.105144	7.998953	20.129424	
1.107444	7.997703	20.201614	0.104295	7.997459	20.198857	
1.124011	7.991599	20.371171	0.102264	7.991301	20.369781	
1.140577	7.977224	20.603624	0.100280	7.976875	20.603485	
1.157144	7.948420	20.903161	0.100277	7.948090	20.904866	
1.173711	7.897025	21.271651	0.103822	7.896709	21.274946	
1.197225	7.765627	21.911191	0.108100	7.765775	21.915357	
1.220740	7.537894	22.670438	0.100950	7.537938	22.671597	
1.244255	7.186076	23.510961	0.105391	7.186162	23.507990	
1.267770	6.692703	24.377492	0.104029	6.692577	24.375177	
1.284163	6.264857	24.966506	0.100614	6.264861	24.967672	
1.300557	5.776218	25.524059	0.107536	5.776254	25.527801	
1.316951	5.239599	26.036075	0.103963	5.240011	26.038725	
1.333345	4.671544	26.489388	0.100605	4.671873	26.488818	
1.349738	4.091537	26.873192	0.107276	4.091754	26.869706	
1.366132	3.517892	27.184279	0.105509	3.517810	27.181183	
1.382526	2.967091	27.426862	0.100089	2.967072	27.426473	
1.398919	2.454700	27.609332	0.103203	2.454555	27.611988	
1.409618	2.147123	27.700874	0.106707	2.147175	27.704813	
1.420317	1.862575	27.774359	0.108196	1.862499	27.778618	
1.431016	1.602055	27.832555	0.107263	1.601912	27.836739	
1.441715	1.366399	27.877881	0.104908	1.366214	27.881848	
1.452414	1.155991	27.912533	0.102422	1.155964	27.915226	
1.463113	0.969618	27.938644	0.100664	0.969537	27.940545	
1.473812	0.805908	27.958009	0.099907	0.805770	27.958923	
1.484510	0.663928	27.972078	0.100007	0.663846	27.971889	
1.494174	0.553438	27.981259	0.100568	0.553229	27.980572	
1.503838	0.457961	27.987938	0.101349	0.457834	27.986793	
1.513502	0.375961	27.992738	0.102189	0.375823	27.991034	
1.523166	0.306322	27.996131	0.102990	0.306362	27.994125	
1.531641	0.254544	27.998245	0.103616	0.254534	27.995822	
1.540115	0.210301	27.999773	0.104161	0.210238	27.997143	
1.548590	0.172664	28.000872	0.104626	0.172547	27.998099	
1.557065	0.140935	28.001653	0.105013	0.140957	27.998662	
1.560140	0.130739	28.001876	0.105137	0.130647	27.998931	
1.563216	0.121197	28.002073	0.105252	0.121016	27.998906	
1.566291	0.112499	28.002237	0.105353	0.112447	27.999223	
1.569366	0.105044	28.002360	0.105431	0.105117	27.999132	
1.572441	0.099358	28.002427	0.105474	0.099260	27.999328	
1.575517	0.095911	28.002424	0.105468	0.095856	27.999386	
1.578592	0.095131	28.002334	0.105407	0.095040	27.999474	
1.581667	0.097386	28.002127	0.105284	0.097410	27.999280	
1.585572	0.105164	28.001625	0.105042	0.105179	27.998780	
1.589476	0.118952	28.000723	0.104724	0.119003	27.997970	
1.593381	0.139233	27.999217	0.104383	0.139227	27.996807	
1.597286	0.166419	27.996821	0.104114	0.166435	27.994847	
1.602558	0.214677	27.991500	0.104124	0.214787	27.990128	
1.607831	0.276651	27.982697	0.104954	0.276490	27.981932	
1.613103	0.352664	27.968946	0.106851	0.352307	27.968998	
1.618376	0.442878	27.948486	0.109411	0.442748	27.949214	
1.625367	0.584234	27.907470	0.111450	0.584053	27.908567	
1.632358	0.749446	27.845449	0.108811	0.749405	27.846216	
1.639349	0.936791	27.755688	0.104294	0.936688	27.754600	
1.646340	1.143735	27.630090	0.106950	1.143746	27.627296	
1.651001	1.290888	27.521995	0.110813	1.291015	27.518468	
1.655662	1.443855	27.391374	0.110436	1.443818	27.387778	
1.660324	1.601088	27.236034	0.105816	1.600870	27.233378	
1.664985	1.760809	27.054395	0.104453	1.760670	27.053211	
1.669646	1.921560	26.844731	0.109288	1.921398	26.844622	
1.674307	2.079730	26.608286	0.110918	2.079627	26.608331	
1.678968	2.229934	26.350350	0.105821	2.229813	26.349696	
1.683629	2.367002	26.078949	0.104733	2.366969	26.076873	
1.688218	2.485720	25.807407	0.109686	2.485594	25.804329	
1.692806	2.588120	25.536780	0.110928	2.587969	25.533550	
1.697395	2.674657	25.272383	0.106801	2.674633	25.269834	
1.701983	2.746197	25.019758	0.104066	2.746012	25.018181	
1.706156	2.799430	24.803944	0.105827	2.799191	24.803441	
1.710329	2.842941	24.602678	0.109199	2.842547	24.602582	
1.714502	2.878124	24.416772	0.111163	2.877920	24.417118	
1.718676	2.906216	24.246814	0.110783	2.905960	24.247237	
1.723007	2.929122	24.087392	0.108731	2.928867	24.087326	
1.727339	2.946895	23.944326	0.106367	2.946788	23.944066	
1.731670	2.960566	23.816617	0.104697	2.960382	23.815713	
1.736002	2.970967	23.703449	0.104072	2.970903	23.702339	
1.740369	2.978856	23.603153	0.104348	2.978498	23.601784	
1.744736	2.984745	23.515292	0.105184	2.984675	23.513408	
1.749103	2.989110	23.438612	0.106249	2.988937	23.436466	
1.753470	2.992316	23.372088	0.107315	2.992241	23.369680	
1.757857	2.994653	23.314495	0.108262	2.994638	23.312067	
1.762245	2.996345	23.264990	0.109043	2.996368	23.262502	
1.766632	2.997558	23.222567	0.109655	2.997425	23.219765	
1.771020	2.998417	23.186396	0.110119	2.998368	23.183897	
1.775215	2.999000	23.156984	0.110448	2.998908	23.154472	
1.779409	2.999419	23.131903	0.110690	2.999065	23.129072	
1.783604	2.999713	23.110580	0.110865	2.999527	23.107852	
1.787799	2.999919	23.092528	0.110991	2.999868	23.089750	
1.792246	3.000067	23.076471	0.111084	3.000059	23.073597	
1.796694	3.000166	23.063104	0.111148	3.000039	23.060162	
1.801141	3.000230	23.052005	0.111191	3.000177	23.049134	
1.805589	3.000274	23.042828	0.111221	2.999915	23.040038	
1.810005	3.000298	23.035325	0.111241	3.000123	23.032646	
1.814421	3.000315	23.029157	0.111254	3.000257	23.026378	
1.818837	3.000325	23.024098	0.111262	3.000234	23.021241	
1.823254	3.000330	23.019963	0.111268	3.000152	23.016971	
1.827766	3.000332	23.016533	0.111272	3.000327	23.013638	
1.832278	3.000326	23.013764	0.111274	3.000079	23.010939	
1.836790	3.000324	23.011534	0.111276	3.000442	23.008630	
1.841303	3.000326	23.009744	0.111277	3.000247	23.006900	
1.845142	3.000322	23.008504	0.111278	3.000248	23.005833	
1.848982	3.000317	23.007484	0.111278	3.000333	23.004537	
1.852822	3.000313	23.006639	0.111278	3.000149	23.003845	
1.856662	3.000308	23.005949	0.111278	3.000268	23.003075	
1.860831	3.000309	23.005339	0.111279	3.000059	23.002671	
1.865000	3.000304	23.004849	0.111279	3.000191	23.002054	
1.869169	3.000299	23.004459	0.111279	3.000087	23.001665	
1.873339	3.000294	23.004144	0.111279	3.000172	23.001331	
1.878390	3.000294	23.003844	0.111279	3.000231	23.001199	
1.883442	3.000289	23.003619	0.111279	3.000106	23.000831	
1.888493	3.000284	23.003449	0.111279	3.000096	23.000758	
1.893544	3.000279	23.003324	0.111279	3.000028	23.000372	
1.899107	3.000274	23.003219	0.111279	3.000229	23.000375	
1.904669	3.000274	23.003139	0.111279	3.000181	23.000144	
1.910232	3.000269	23.003084	0.111279	3.000058	23.000428	
1.915794	3.000264	23.003044	0.111279	3.000169	23.000304	
1.919657	3.000264	23.003024	0.111279	3.000152	23.000161	
1.923520	3.000259	23.003004	0.111279	3.000131	23.000168	
1.927382	3.000259	23.002989	0.111279	3.000139	23.000186	
1.931245	3.000254	23.002979	0.111279	3.000239	22.999975	
1.935108	3.000254	23.002969	0.111279	3.000114	23.000219	
1.938970	3.000249	23.002964	0.111279	3.000236	23.000119	
1.942833	3.000249	23.002954	0.111279	3.000180	23.000160	
1.946696	3.000249	23.002949	0.111279	3.000235	23.000287	
1.950717	3.000244	23.002944	0.111279	3.000126	23.000054	
1.954739	3.000244	23.002939	0.111279	3.000093	23.000044	
1.958761	3.000239	23.002939	0.111279	3.000186	23.000212	
1.962783	3.000239	23.002934	0.111279	3.000057	23.000111	
1.966383	3.000239	23.002934	0.111279	3.000208	23.000099	
1.969983	3.000234	23.002929	0.111279	3.000061	23.000113	
1.973583	3.000234	23.002929	0.111279	3.000063	22.999972	
1.977184	3.000234	23.002924	0.111279	3.000183	23.000085	
1.980184	3.000229	23.002924	0.111279	3.000162	23.000097	
1.983183	3.000229	23.002924	0.111279	3.000053	23.000101	
1.986183	3.000229	23.002919	0.111279	3.000085	23.000155	
1.989183	3.000229	23.002919	0.111279	2.999980	23.000120	
1.992346	3.000224	23.002919	0.111279	3.000134	23.000134	
1.995509	3.000224	23.002919	0.111279	3.000059	23.000241	
1.998673	3.000224	23.002914	0.111279	3.000160	23.000059	
2.001836	3.000219	23.002914	0.111279	3.000014	23.000178	
2.004550	3.000219	23.002914	0.111279	3.000105	23.000007	
2.007263	3.000219	23.002914	0.111279	3.000311	23.000266	
2.009977	3.000219	23.002909	0.111279	3.000204	23.000216	
2.012691	3.000219	23.002909	0.111279	2.999886	23.000219	
2.015546	3.000214	23.002909	0.111279	3.000234	23.000240	
2.018402	3.000214	23.002909	0.111279	3.000344	23.000222	
2.021258	3.000214	23.002909	0.111279	2.999968	23.000036	
2.024113	3.000214	23.002904	0.111279	3.000322	22.999832	
2.027397	3.000214	23.002904	0.111279	2.999964	22.999999	
2.030680	3.000209	23.002904	0.111279	3.000158	23.000026	
2.033963	3.000209	23.002904	0.111279	3.000152	23.000067	
2.037247	3.000209	23.002904	0.111279	3.000236	23.000208	
2.040109	3.000209	23.002899	0.111279	2.999935	23.000263	
2.042972	3.000209	23.002899	0.111279	3.000202	23.000174	
2.045835	3.000204	23.002899	0.111279	3.000100	23.000085	
2.048697	3.000204	23.002899	0.111279	2.999960	23.000207	
2.051468	3.000204	23.002899	0.111279	3.000120	23.000028	
2.054238	3.000204	23.002899	0.111279	3.000186	23.000091	
2.057008	3.000204	23.002894	0.111279	3.000138	22.999915	
2.059779	3.000204	23.002894	0.111279	3.000161	23.000065	
2.063246	3.000199	23.002894	0.111279	2.999881	23.000304	
2.066714	3.000199	23.002894	0.111279	3.000082	23.000066	
2.070181	3.000199	23.002894	0.111279	2.999935	23.000066	
2.073648	3.000199	23.002889	0.111279	3.000191	23.000189	
2.076468	3.000199	23.002889	0.111279	3.000099	23.000177	
2.079287	3.000194	23.002889	0.111279	2.999895	23.000095	
2.082107	3.000194	23.002889	0.111279	3.000205	22.999921	
2.084926	3.000194	23.002889	0.111279	2.999998	23.000085	
2.087418	3.000194	23.002889	0.111279	3.000176	23.000147	
2.089910	3.000194	23.002889	0.111279	2.999939	23.000128	
2.092402	3.000194	23.002889	0.111279	3.000068	22.999989	
2.094894	3.000194	23.002884	0.111279	3.000083	23.000152	
2.097519	3.000194	23.002884	0.111279	3.000017	23.000092	
2.100144	3.000189	23.002884	0.111279	2.999991	23.000106	
2.102769	3.000189	23.002884	0.111279	3.000034	23.000156	
2.105394	3.000189	23.002884	0.111279	2.999987	22.999988	
2.107870	3.000189	23.002884	0.111279	3.000044	22.999953	
2.110347	3.000189	23.002884	0.111279	3.000039	23.000015	
2.112823	3.000189	23.002884	0.111279	3.000066	23.000217	
2.115299	3.000189	23.002879	0.111279	2.999838	23.000008	
2.117438	3.000189	23.002879	0.111279	3.000023	22.999982	
2.119577	3.000189	23.002879	0.111279	3.000059	23.000040	
2.121717	3.000184	23.002879	0.111279	3.000161	22.999967	
2.123856	3.000184	23.002879	0.111279	2.999966	23.000114	
2.126400	3.000184	23.002879	0.111279	3.000164	22.999926	
2.128945	3.000184	23.002879	0.111279	2.999932	23.000033	
2.131489	3.000184	23.002879	0.111279	3.000176	23.000023	
2.134034	3.000184	23.002879	0.111279	3.000209	22.999923	
2.136607	3.000184	23.002879	0.111279	2.999916	23.000224	
2.139180	3.000184	23.002879	0.111279	3.000059	22.999978	
2.141754	3.000184	23.002874	0.111279	3.000005	22.999996	
2.144327	3.000184	23.002874	0.111279	3.000182	23.000069	
2.146581	3.000179	23.002874	0.111279	3.000024	23.000208	
2.148835	3.000179	23.002874	0.111279	3.000174	23.000097	
2.151089	3.000179	23.002874	0.111279	3.000002	23.000021	
2.153343	3.000179	23.002874	0.111279	3.000001	23.000012	
2.155659	3.000179	23.002874	0.111279	2.999978	23.000085	
2.157975	3.000179	23.002874	0.111279	3.000092	23.000145	
2.160291	3.000179	23.002874	0.111279	3.000036	23.000079	
2.162607	3.000179	23.002874	0.111279	3.000066	23.000129	
2.166009	3.000179	23.002874	0.111279	2.999984	23.000135	
2.169410	3.000179	23.002869	0.111279	3.000047	23.000134	
2.172812	3.000179	23.002869	0.111279	3.000000	22.999990	
2.176213	3.000174	23.002869	0.111279	3.000084	23.000041	
2.178396	3.000174	23.002869	0.111279	2.999942	22.999970	
2.180579	3.000174	23.002869	0.111279	3.000074	23.000027	
2.182761	3.000174	23.002869	0.111279	3.000082	23.000073	
2.184944	3.000174	23.002869	0.111279	3.000004	23.000088	
2.187126	3.000174	23.002869	0.111279	3.000072	22.999998	
2.189309	3.000174	23.002869	0.111279	2.999918	22.999892	
2.191491	3.000174	23.002869	0.111279	3.000064	23.000122	
2.193674	3.000174	23.002869	0.111279	3.000027	23.000209	
2.195968	3.000174	23.002869	0.111279	3.000172	22.999995	
2.198262	3.000174	23.002869	0.111279	2.999834	23.000186	
2.200555	3.000174	23.002864	0.111279	3.000069	22.999885	
2.202849	3.000174	23.002864	0.111279	2.999997	23.000094	
2.205075	3.000174	23.002864	0.111279	3.000011	23.000047	
2.207301	3.000169	23.002864	0.111279	3.000088	23.000053	
2.209527	3.000169	23.002864	0.111279	3.000225	22.999973	
2.211753	3.000169	23.002864	0.111279	3.000013	22.999867	
2.213738	3.000169	23.002864	0.111279	3.000078	23.000020	
2.215723	3.000169	23.002864	0.111279	3.000057	23.000051	
2.217708	3.000169	23.002864	0.111279	2.999872	23.000008	
2.219692	3.000169	23.002864	0.111279	3.000023	22.999925	
2.221718	3.000169	23.002864	0.111279	2.999937	23.000057	
2.223743	3.000169	23.002864	0.111279	3.000079	22.999898	
2.225769	3.000169	23.002864	0.111279	3.000013	22.999964	
2.227794	3.000169	23.002864	0.111279	3.000162	22.999990	
2.230291	3.000169	23.002864	0.111279	3.000022	23.000067	
2.232788	3.000169	23.002864	0.111279	3.000012	23.000029	
2.235284	3.000169	23.002864	0.111279	3.000014	23.000124	
2.237781	3.000169	23.002859	0.111279	2.999949	23.000103	
2.240711	3.000169	23.002859	0.111279	3.000015	23.000210	
2.243640	3.000164	23.002859	0.111279	3.000057	22.999988	
2.246570	3.000164	23.002859	0.111279	2.999901	23.000090	
2.249499	3.000164	23.002859	0.111279	2.999958	23.000053	
2.252557	3.000164	23.002859	0.111279	2.999912	23.000061	
2.255614	3.000164	23.002859	0.111279	3.000090	22.999909	
2.258671	3.000164	23.002859	0.111279	3.000035	22.999857	
2.261729	3.000164	23.002859	0.111279	3.000089	23.000056	
2.264120	3.000164	23.002859	0.111279	3.000139	22.999984	
2.266512	3.000164	23.002859	0.111279	2.999838	23.000064	
2.268904	3.000164	23.002859	0.111279	2.999970	23.000049	
2.271295	3.000164	23.002859	0.111279	3.000040	23.000023	
2.273687	3.000164	23.002859	0.111279	3.000038	23.000085	
2.276078	3.000164	23.002859	0.111279	2.999925	23.000005	
2.278470	3.000164	23.002859	0.111279	3.000061	23.000038	
2.280861	3.000164	23.002854	0.111279	2.999950	23.000087	
2.282931	3.000164	23.002854	0.111279	3.000067	23.000011	
2.285001	3.000164	23.002854	0.111279	3.000022	23.000110	
2.287072	3.000164	23.002854	0.111279	2.999970	22.999981	
2.289142	3.000159	23.002854	0.111279	2.999893	22.999990	
2.291295	3.000159	23.002854	0.111279	2.999963	23.000073	
2.293449	3.000159	23.002854	0.111279	2.999942	22.999896	
2.295602	3.000159	23.002854	0.111279	3.000090	23.000090	
2.297756	3.000159	23.002854	0.111279	3.000162	23.000177	
2.299946	3.000159	23.002854	0.111279	3.000080	23.000003	
2.302136	3.000159	23.002854	0.111279	3.000006	23.000026	
2.304326	3.000159	23.002854	0.111279	2.999936	22.999988	
2.306516	3.000159	23.002854	0.111279	3.000009	22.999921	
2.308486	3.000159	23.002854	0.111279	2.999930	23.000122	
2.310456	3.000159	23.002854	0.111279	2.999937	23.000018	
2.312426	3.000159	23.002854	0.111279	3.000113	22.999949	
2.314396	3.000159	23.002854	0.111279	2.999920	23.000161	
2.316759	3.000159	23.002854	0.111279	3.000215	22.999836	
2.319121	3.000159	23.002854	0.111279	2.999882	22.999956	
2.321483	3.000159	23.002854	0.111279	2.999952	23.000088	
2.323845	3.000159	23.002854	0.111279	2.999880	22.999944	
2.326126	3.000159	23.002854	0.111279	3.000078	23.000043	
2.328406	3.000159	23.002854	0.111279	2.999915	23.000124	
2.330687	3.000159	23.002854	0.111279	3.000082	22.999919	
2.332968	3.000159	23.002849	0.111279	2.999975	23.000297	
2.335516	3.000159	23.002849	0.111279	2.999989	23.000042	
2.338065	3.000159	23.002849	0.111279	3.000098	23.000075	
2.340613	3.000159	23.002849	0.111279	2.999982	23.000131	
2.343162	3.000154	23.002849	0.111279	3.000058	22.999892	
2.345234	3.000154	23.002849	0.111279	2.999953	22.999980	
2.347307	3.000154	23.002849	0.111279	2.999992	23.000002	
2.349380	3.000154	23.002849	0.111279	3.000004	22.999999	
2.351453	3.000154	23.002849	0.111279	3.000174	23.000196	
2.353541	3.000154	23.002849	0.111279	3.000007	22.999903	
2.355629	3.000154	23.002849	0.111279	2.999961	23.000100	
2.357717	3.000154	23.002849	0.111279	3.000005	23.000008	
2.359806	3.000154	23.002849	0.111279	3.000013	23.000115	
2.361962	3.000154	23.002849	0.111279	3.000034	23.000000	
2.364119	3.000154	23.002849	0.111279	2.999997	23.000018	
2.366276	3.000154	23.002849	0.111279	3.000099	22.999850	
2.368432	3.000154	23.002849	0.111279	2.999899	22.999973	
2.370442	3.000154	23.002849	0.111279	3.000051	23.000003	
2.372451	3.000154	23.002849	0.111279	2.999900	23.000158	
2.374460	3.000154	23.002849	0.111279	2.999984	23.000134	
2.376469	3.000154	23.002849	0.111279	3.000062	23.000096	
2.378366	3.000154	23.002849	0.111279	3.000050	22.999944	
2.380262	3.000154	23.002849	0.111279	2.999895	23.000007	
2.382158	3.000154	23.002849	0.111279	3.000215	23.000043	
2.384054	3.000154	23.002849	0.111279	3.000070	23.000022	
2.385943	3.000154	23.002849	0.111279	2.999959	22.999986	
2.387831	3.000154	23.002849	0.111279	3.000147	23.000006	
2.389719	3.000154	23.002849	0.111279	3.000113	23.000036	
2.391608	3.000154	23.002849	0.111279	3.000005	22.999999	
2.393308	3.000154	23.002849	0.111279	3.000198	23.000079	
2.395008	3.000154	23.002849	0.111279	3.000011	23.000215	
2.396708	3.000154	23.002849	0.111279	2.999970	22.999890	
2.398408	3.000154	23.002849	0.111279	3.000051	22.999879	
2.401088	3.000154	23.002844	0.111279	3.000059	22.999957	
2.403768	3.000154	23.002844	0.111279	2.999975	22.999999	
2.406449	3.000154	23.002844	0.111279	2.999841	23.000064	
2.409129	3.000149	23.002844	0.111279	3.000131	22.999958	
2.410834	3.000149	23.002844	0.111279	3.000032	23.000095	
2.412540	3.000149	23.002844	0.111279	2.999952	23.000180	
2.414245	3.000149	23.002844	0.111279	3.000112	23.000083	
2.415951	3.000149	23.002844	0.111279	2.999893	23.000002	
2.417656	3.000149	23.002844	0.111279	3.000044	22.999980	
2.419362	3.000149	23.002844	0.111279	3.000189	23.000025	
2.421068	3.000149	23.002844	0.111279	3.000161	22.999887	
2.422773	3.000149	23.002844	0.111279	2.999902	23.000040	
2.424369	3.000149	23.002844	0.111279	3.000121	22.999746	
2.425965	3.000149	23.002844	0.111279	2.999957	22.999990	
2.427560	3.000149	23.002844	0.111279	3.000052	23.000104	
2.429156	3.000149	23.002844	0.111279	2.999991	23.000107	
2.430932	3.000149	23.002844	0.111279	3.000024	23.000060	
2.432708	3.000149	23.002844	0.111279	3.000105	23.000068	
2.434484	3.000149	23.002844	0.111279	2.999978	22.999985	
2.436260	3.000149	23.002844	0.111279	3.000093	22.999990	
2.438123	3.000149	23.002844	0.111279	3.000168	22.999695	
2.439987	3.000149	23.002844	0.111279	2.999865	22.999991	
2.441850	3.000149	23.002844	0.111279	3.000050	23.000117	
2.443713	3.000149	23.002844	0.111279	3.000155	23.000047	
2.445484	3.000149	23.002844	0.111279	3.000072	23.000174	
2.447255	3.000149	23.002844	0.111279	2.999921	22.999885	
2.449027	3.000149	23.002844	0.111279	2.999882	22.999990	
2.450798	3.000149	23.002844	0.111279	3.000129	23.000007	
2.452437	3.000149	23.002844	0.111279	3.000041	22.999798	
2.454077	3.000149	23.002844	0.111279	2.999971	22.999887	
2.455717	3.000149	23.002844	0.111279	3.000079	23.000042	
2.457356	3.000149	23.002844	0.111279	3.000019	23.000029	
2.459046	3.000149	23.002844	0.111279	2.999891	23.000122	
2.460737	3.000149	23.002844	0.111279	3.000164	23.000101	
2.462427	3.000149	23.002844	0.111279	2.999969	23.000127	
2.464117	3.000149	23.002844	0.111279	2.999974	23.000065	
2.465807	3.000149	23.002844	0.111279	3.000086	22.999991	
2.467497	3.000149	23.002844	0.111279	2.999951	22.999910	
2.469187	3.000149	23.002844	0.111279	3.000203	23.000250	
2.470877	3.000149	23.002844	0.111279	3.000212	22.999988	
2.472559	3.000149	23.002844	0.111279	2.999949	23.000064	
2.474240	3.000149	23.002844	0.111279	2.999965	23.000005	
2.475921	3.000149	23.002844	0.111279	3.000063	22.999945	
2.477603	3.000149	23.002844	0.111279	2.999977	23.000084	
2.479575	3.000149	23.002844	0.111279	3.000151	23.000046	
2.481547	3.000149	23.002844	0.111279	2.999906	22.999959	
2.483519	3.000149	23.002844	0.111279	2.999834	22.999991	
2.485491	3.000149	23.002844	0.111279	2.999927	23.000015	
2.487310	3.000149	23.002844	0.111279	3.000185	23.000060	
2.489130	3.000149	23.002839	0.111279	2.999809	22.999883	
2.490950	3.000149	23.002839	0.111279	2.999865	22.999931	
2.492770	3.000149	23.002839	0.111279	3.000166	22.999944	
2.494615	3.000149	23.002839	0.111279	2.999858	23.000032	
2.496459	3.000149	23.002839	0.111279	3.000079	22.999988	
2.498303	3.000144	23.002839	0.111279	3.000053	22.999771	
2.500148	3.000144	23.002839	0.111279	2.999984	22.999951	
2.501855	3.000144	23.002839	0.111279	3.000015	23.000215	
2.503562	3.000144	23.002839	0.111279	2.999953	23.000121	
2.505269	3.000144	23.002839	0.111279	3.000004	23.000057	
2.506975	3.000144	23.002839	0.111279	2.999973	22.999808	
2.508895	3.000144	23.002839	0.111279	3.000047	23.000197	
2.510815	3.000144	23.002839	0.111279	3.000189	22.999860	
2.512735	3.000144	23.002839	0.111279	2.999950	23.000096	
2.514655	3.000144	23.002839	0.111279	2.999797	23.000014	
2.516930	3.000144	23.002839	0.111279	2.999914	23.000072	
2.519204	3.000144	23.002839	0.111279	3.000050	23.000012	
2.521478	3.000144	23.002839	0.111279	3.000009	23.000029	
2.523753	3.000144	23.002839	0.111279	2.999939	23.000129	
2.525600	3.000144	23.002839	0.111279	2.999956	22.999938	
2.527447	3.000144	23.002839	0.111279	3.000169	22.999962	
2.529294	3.000144	23.002839	0.111279	3.000042	22.999991	
2.531141	3.000144	23.002839	0.111279	3.000058	23.000033	
2.532755	3.000144	23.002839	0.111279	3.000061	23.000039	
2.534368	3.000144	23.002839	0.111279	3.000114	22.999839	
2.535981	3.000144	23.002839	0.111279	3.000051	23.000015	
2.537595	3.000144	23.002839	0.111279	3.000014	23.000227	
2.539376	3.000144	23.002839	0.111279	2.999828	23.000138	
2.541157	3.000144	23.002839	0.111279	2.999972	23.000109	
2.542938	3.000144	23.002839	0.111279	3.000005	23.000056	
2.544719	3.000144	23.002839	0.111279	3.000038	23.000018	
2.546241	3.000144	23.002839	0.111279	2.999989	22.999887	
2.547764	3.000144	23.002839	0.111279	2.999972	23.000025	
2.549286	3.000144	23.002839	0.111279	2.999999	22.999874	
2.550809	3.000144	23.002839	0.111279	3.000002	23.000201	
2.552300	3.000144	23.002839	0.111279	3.000001	23.000025	
2.553792	3.000144	23.002839	0.111279	2.999914	22.999954	
2.555283	3.000144	23.002839	0.111279	3.000006	23.000102	
2.556774	3.000144	23.002839	0.111279	3.000011	23.000045	
2.558248	3.000144	23.002839	0.111279	2.999859	23.000088	
2.559722	3.000144	23.002839	0.111279	3.000431	22.999889	
2.561195	3.000144	23.002839	0.111279	3.000077	23.000212	
2.562669	3.000144	23.002839	0.111279	3.000247	23.000013	
2.564490	3.000144	23.002839	0.111279	2.999966	22.999819	
2.566312	3.000144	23.002839	0.111279	3.000042	23.000060	
2.568133	3.000144	23.002839	0.111279	3.000008	22.999943	
2.569954	3.000144	23.002839	0.111279	2.999885	22.999999	
2.571658	3.000144	23.002839	0.111279	3.000093	23.000072	
2.573363	3.000144	23.002839	0.111279	3.000055	23.000068	
2.575067	3.000144	23.002839	0.111279	3.000034	22.999984	
2.576771	3.000144	23.002839	0.111279	3.000025	23.000088	
2.578333	3.000144	23.002839	0.111279	2.999944	23.000050	
2.579895	3.000144	23.002839	0.111279	3.000137	22.999946	
2.581457	3.000144	23.002839	0.111279	3.000008	23.000049	
2.583019	3.000144	23.002839	0.111279	3.000081	23.000053	
2.584526	3.000144	23.002839	0.111279	2.999989	23.000048	
2.586032	3.000144	23.002839	0.111279	2.999965	23.000112	
2.587538	3.000144	23.002839	0.111279	2.999946	23.000139	
2.589044	3.000144	23.002839	0.111279	2.999920	22.999851	
2.590575	3.000144	23.002839	0.111279	2.999997	23.000023	
2.592105	3.000144	23.002839	0.111279	2.999875	23.000023	
2.593636	3.000144	23.002839	0.111279	3.000111	23.000068	
2.595166	3.000144	23.002839	0.111279	3.000072	23.000042	
2.596493	3.000144	23.002839	0.111279	3.000250	22.999898	
2.597819	3.000144	23.002839	0.111279	2.999898	23.000074	
2.599146	3.000144	23.002839	0.111279	3.000000	22.999948	
2.600472	3.000144	23.002839	0.111279	3.000006	23.000101	
2.602552	3.000144	23.002839	0.111279	2.999918	22.999846	
2.604633	3.000144	23.002839	0.111279	2.999959	23.000082	
2.606713	3.000144	23.002839	0.111279	2.999969	23.000099	
2.608793	3.000144	23.002839	0.111279	2.999977	23.000075	
2.610570	3.000144	23.002839	0.111279	2.999961	22.999963	
2.612348	3.000144	23.002839	0.111279	2.999976	22.999921	
2.614125	3.000144	23.002839	0.111279	3.000063	23.000024	
2.615903	3.000144	23.002839	0.111279	3.000077	23.000016	
2.617684	3.000144	23.002834	0.111279	3.000153	23.000051	
2.619466	3.000144	23.002834	0.111279	2.999904	23.000021	
2.621248	3.000144	23.002834	0.111279	3.000021	23.000063	
2.623030	3.000144	23.002834	0.111279	2.999899	23.000036	
2.624566	3.000144	23.002834	0.111279	3.000015	23.000105	
2.626103	3.000144	23.002834	0.111279	3.000119	22.999930	
2.627640	3.000139	23.002834	0.111279	3.000078	23.000106	
2.629177	3.000139	23.002834	0.111279	2.999902	23.000098	
2.630505	3.000139	23.002834	0.111279	3.000159	22.999938	
2.631832	3.000139	23.002834	0.111279	3.000018	23.000186	
2.633160	3.000139	23.002834	0.111279	3.000074	23.000096	
2.634487	3.000139	23.002834	0.111279	2.999937	22.999951	
2.636260	3.000139	23.002834	0.111279	3.000138	23.000065	
2.638033	3.000139	23.002834	0.111279	3.000204	23.000044	
2.639806	3.000139	23.002834	0.111279	3.000017	23.000144	
2.641579	3.000139	23.002834	0.111279	2.999824	22.999937	
2.643135	3.000139	23.002834	0.111279	2.999914	23.000124	
2.644691	3.000139	23.002834	0.111279	3.000035	23.000163	
2.646247	3.000139	23.002834	0.111279	2.999962	22.999969	
2.647803	3.000139	23.002834	0.111279	2.999989	23.000001	
2.649559	3.000139	23.002834	0.111279	3.000207	23.000200	
2.651315	3.000139	23.002834	0.111279	2.999923	23.000102	
2.653070	3.000139	23.002834	0.111279	2.999994	23.000158	
2.654826	3.000139	23.002834	0.111279	3.000030	22.999915	
2.656374	3.000139	23.002834	0.111279	3.000155	22.999849	
2.657923	3.000139	23.002834	0.111279	2.999927	23.000136	
2.659472	3.000139	23.002834	0.111279	3.000006	22.999913	
2.661020	3.000139	23.002834	0.111279	3.000072	23.000044	
2.662439	3.000139	23.002834	0.111279	2.999987	23.000027	
2.663857	3.000139	23.002834	0.111279	2.999864	22.999783	
2.665276	3.000139	23.002834	0.111279	2.999762	22.999920	
2.666695	3.000139	23.002834	0.111279	3.000039	22.999944	
2.668270	3.000139	23.002834	0.111279	3.000104	23.000073	
2.669846	3.000139	23.002834	0.111279	2.999952	23.000161	
2.671422	3.000139	23.002834	0.111279	3.000149	22.999843	
2.672997	3.000139	23.002834	0.111279	2.999958	22.999906	
2.674573	3.000139	23.002834	0.111279	3.000069	23.000059	
2.676149	3.000139	23.002834	0.111279	2.999979	23.000237	
2.677724	3.000139	23.002834	0.111279	2.999938	22.999927	
2.679300	3.000139	23.002834	0.111279	2.999991	22.999875	
2.681030	3.000139	23.002834	0.111279	2.999874	23.000038	
2.682760	3.000139	23.002834	0.111279	3.000100	22.999989	
2.684490	3.000139	23.002834	0.111279	3.000060	22.999886	
2.686220	3.000139	23.002834	0.111279	3.000027	22.999976	
2.687690	3.000139	23.002834	0.111279	2.999972	23.000022	
2.689159	3.000139	23.002834	0.111279	3.000028	22.999873	
2.690629	3.000139	23.002834	0.111279	3.000218	23.000020	
2.692099	3.000139	23.002834	0.111279	3.000115	23.000136	
2.693645	3.000139	23.002834	0.111279	2.999863	23.000085	
2.695191	3.000139	23.002834	0.111279	2.999900	23.000011	
2.696736	3.000139	23.002834	0.111279	2.999847	23.000040	
2.698282	3.000139	23.002834	0.111279	2.999885	22.999927	
2.699643	3.000139	23.002834	0.111279	3.000129	22.999832	
2.701004	3.000139	23.002834	0.111279	3.000129	23.000057	
2.702366	3.000139	23.002834	0.111279	2.999988	23.000163	
2.703727	3.000139	23.002834	0.111279	2.999970	23.000159	
2.704920	3.000139	23.002834	0.111279	2.999895	22.999981	
2.706113	3.000139	23.002834	0.111279	3.000049	23.000075	
2.707306	3.000139	23.002834	0.111279	2.999992	23.000118	
2.708499	3.000139	23.002834	0.111279	2.999980	22.999867	
2.709804	3.000139	23.002834	0.111279	3.000002	23.000066	
2.711109	3.000139	23.002834	0.111279	3.000239	23.000044	
2.712415	3.000139	23.002834	0.111279	3.000264	23.000033	
2.713720	3.000139	23.002834	0.111279	3.000001	22.999909	
2.715134	3.000139	23.002834	0.111279	2.999895	23.000023	
2.716547	3.000139	23.002834	0.111279	2.999972	23.000113	
2.717961	3.000139	23.002834	0.111279	3.000148	23.000004	
2.719375	3.000139	23.002834	0.111279	2.999967	22.999883	
2.720705	3.000139	23.002834	0.111279	3.000003	22.999870	
2.722035	3.000139	23.002834	0.111279	3.000076	23.000033	
2.723365	3.000139	23.002834	0.111279	2.999878	22.999847	
2.724695	3.000139	23.002834	0.111279	3.000057	22.999891	
2.726173	3.000139	23.002834	0.111279	2.999965	22.999956	
2.727650	3.000139	23.002834	0.111279	3.000068	22.999996	
2.729128	3.000139	23.002834	0.111279	3.000048	22.999983	
2.730605	3.000139	23.002834	0.111279	3.000075	22.999995	
2.732098	3.000139	23.002834	0.111279	2.999961	22.999974	
2.733590	3.000139	23.002834	0.111279	3.000097	22.999968	
2.735082	3.000139	23.002834	0.111279	2.999946	22.999944	
2.736574	3.000139	23.002834	0.111279	3.000181	22.999844	
2.737832	3.000139	23.002834	0.111279	2.999994	23.000197	
2.739089	3.000139	23.002834	0.111279	3.000040	22.999988	
2.740346	3.000139	23.002834	0.111279	2.999943	22.999898	
2.741604	3.000139	23.002834	0.111279	3.000099	23.000060	
2.742861	3.000139	23.002834	0.111279	3.000246	23.000004	
2.744119	3.000139	23.002834	0.111279	3.000104	23.000012	
2.745376	3.000139	23.002834	0.111279	3.000049	23.000060	
2.746633	3.000139	23.002834	0.111279	2.999901	23.000059	
2.747966	3.000139	23.002834	0.111279	3.000151	23.000140	
2.749298	3.000139	23.002834	0.111279	2.999935	23.000033	
2.750631	3.000139	23.002834	0.111279	3.000252	23.000093	
2.751963	3.000139	23.002834	0.111279	3.000074	22.999981	
2.753192	3.000139	23.002834	0.111279	2.999833	23.000094	
2.754420	3.000139	23.002834	0.111279	2.999947	22.999959	
2.755649	3.000139	23.002834	0.111279	3.000183	23.000160	
2.756878	3.000139	23.002834	0.111279	3.000089	22.999926	
2.758154	3.000139	23.002834	0.111279	3.000004	23.000002	
2.759431	3.000139	23.002834	0.111279	2.999979	22.999955	
2.760707	3.000139	23.002834	0.111279	3.000107	23.000008	
2.761984	3.000139	23.002834	0.111279	2.999928	23.000090	
2.763194	3.000139	23.002834	0.111279	2.999981	23.000105	
2.764404	3.000139	23.002834	0.111279	2.999947	22.999980	
2.765614	3.000139	23.002834	0.111279	2.999974	23.000131	
2.766825	3.000139	23.002834	0.111279	2.999966	22.999850	
2.768035	3.000139	23.002834	0.111279	2.999937	22.999885	
2.769245	3.000139	23.002834	0.111279	2.999870	22.999849	
2.770455	3.000139	23.002834	0.111279	3.000122	22.999916	
2.771666	3.000139	23.002834	0.111279	3.000173	23.000010	
2.772806	3.000139	23.002834	0.111279	3.000121	22.999967	
2.773947	3.000139	23.002834	0.111279	3.000183	22.999887	
2.775087	3.000139	23.002834	0.111279	3.000084	22.999969	
2.776228	3.000139	23.002834	0.111279	3.000087	22.999956	
2.777666	3.000139	23.002834	0.111279	2.999986	23.000148	
2.779103	3.000139	23.002834	0.111279	2.999925	22.999887	
2.780541	3.000139	23.002834	0.111279	2.999914	22.999905	
2.781979	3.000139	23.002834	0.111279	3.000011	22.999938	
2.783195	3.000139	23.002834	0.111279	2.999958	22.999969	
2.784411	3.000139	23.002834	0.111279	2.999897	23.000115	
2.785627	3.000139	23.002834	0.111279	3.000130	22.999789	
2.786842	3.000139	23.002834	0.111279	3.000070	22.999966	
2.787980	3.000139	23.002834	0.111279	2.999865	22.999959	
2.789117	3.000139	23.002834	0.111279	3.000073	22.999869	
2.790254	3.000139	23.002834	0.111279	3.000096	22.999993	
2.791391	3.000139	23.002834	0.111279	3.000090	23.000102	
2.792610	3.000139	23.002834	0.111279	2.999889	22.999932	
2.793828	3.000139	23.002834	0.111279	2.999997	23.000091	
2.795047	3.000139	23.002834	0.111279	3.000071	22.999905	
2.796265	3.000139	23.002834	0.111279	3.000072	22.999922	
2.797754	3.000139	23.002834	0.111279	2.999981	22.999958	
2.799243	3.000139	23.002834	0.111279	3.000100	22.999923	
2.800732	3.000139	23.002834	0.111279	3.000296	23.000181	
2.802221	3.000139	23.002834	0.111279	3.000159	23.000002	
2.803457	3.000139	23.002834	0.111279	2.999897	22.999943	
2.804692	3.000139	23.002834	0.111279	2.999932	23.000070	
2.805927	3.000139	23.002834	0.111279	3.000080	22.999996	
2.807162	3.000139	23.002834	0.111279	2.999916	22.999822	
2.808468	3.000139	23.002834	0.111279	2.999955	23.000277	
2.809774	3.000139	23.002834	0.111279	3.000045	23.000125	
2.811080	3.000139	23.002834	0.111279	2.999854	22.999871	
2.812386	3.000139	23.002834	0.111279	3.000096	22.999949	
2.813714	3.000139	23.002834	0.111279	2.999917	23.000137	
2.815041	3.000139	23.002834	0.111279	2.999973	23.000070	
2.816369	3.000139	23.002834	0.111279	3.000051	22.999865	
2.817697	3.000139	23.002834	0.111279	3.000167	22.999933	
2.818934	3.000139	23.002834	0.111279	3.000199	22.999983	
2.820171	3.000139	23.002834	0.111279	3.000080	23.000070	
2.821408	3.000139	23.002834	0.111279	3.000142	22.999898	
2.822645	3.000139	23.002834	0.111279	3.000116	23.000125	
2.824139	3.000139	23.002834	0.111279	2.999839	22.999884	
2.825633	3.000139	23.002834	0.111279	3.000112	23.000085	
2.827128	3.000139	23.002834	0.111279	3.000032	23.000197	
2.828622	3.000139	23.002834	0.111279	3.000121	22.999825	
2.830236	3.000139	23.002834	0.111279	2.999793	22.999971	
2.831850	3.000139	23.002834	0.111279	3.000073	22.999949	
2.833464	3.000139	23.002834	0.111279	3.000032	22.999957	
2.835078	3.000139	23.002829	0.111279	3.000020	23.000056	
2.836505	3.000139	23.002829	0.111279	2.999982	23.000122	
2.837931	3.000139	23.002829	0.111279	3.000174	22.999975	
2.839357	3.000139	23.002829	0.111279	3.000015	23.000020	
2.840784	3.000139	23.002829	0.111279	2.999929	23.000001	
2.841956	3.000139	23.002829	0.111279	3.000010	23.000031	
2.843129	3.000139	23.002829	0.111279	2.999894	22.999993	
2.844301	3.000139	23.002829	0.111279	3.000021	23.000018	
2.845474	3.000139	23.002829	0.111279	2.999907	23.000100	
2.847189	3.000134	23.002829	0.111279	3.000001	23.000101	
2.848903	3.000134	23.002829	0.111279	2.999977	22.999924	
2.850618	3.000134	23.002829	0.111279	3.000014	22.999899	
2.852333	3.000134	23.002829	0.111279	2.999864	23.000274	
2.853725	3.000134	23.002829	0.111279	2.999938	22.999938	
2.855117	3.000134	23.002829	0.111279	3.000066	23.000093	
2.856508	3.000134	23.002829	0.111279	2.999850	22.999990	
2.857900	3.000134	23.002829	0.111279	2.999815	23.000146	
2.859111	3.000134	23.002829	0.111279	3.000029	23.000000	
2.860323	3.000134	23.002829	0.111279	2.999894	22.999930	
2.861534	3.000134	23.002829	0.111279	3.000014	23.000180	
2.862746	3.000134	23.002829	0.111279	3.000005	22.999947	
2.863920	3.000134	23.002829	0.111279	2.999976	23.000096	
2.865095	3.000134	23.002829	0.111279	2.999684	22.999986	
2.866270	3.000134	23.002829	0.111279	2.999904	23.000048	
2.867445	3.000134	23.002829	0.111279	3.000117	23.000031	
2.868667	3.000134	23.002829	0.111279	3.000084	23.000035	
2.869888	3.000134	23.002829	0.111279	3.000031	22.999929	
2.871110	3.000134	23.002829	0.111279	2.999915	22.999918	
2.872331	3.000134	23.002829	0.111279	2.999981	22.999893	
2.873519	3.000134	23.002829	0.111279	3.000006	23.000024	
2.874707	3.000134	23.002829	0.111279	2.999923	23.000146	
2.875895	3.000134	23.002829	0.111279	2.999870	22.999963	
2.877083	3.000134	23.002829	0.111279	3.000048	22.999983	
2.878391	3.000134	23.002829	0.111279	3.000110	23.000132	
2.879699	3.000134	23.002829	0.111279	2.999833	23.000059	
2.881007	3.000134	23.002829	0.111279	2.999857	23.000038	
2.882315	3.000134	23.002829	0.111279	3.000006	22.999909	
2.883573	3.000134	23.002829	0.111279	2.999998	23.000047	
2.884831	3.000134	23.002829	0.111279	2.999954	22.999956	
2.886089	3.000134	23.002829	0.111279	2.999898	23.000038	
2.887347	3.000134	23.002829	0.111279	2.999964	23.000034	
2.888670	3.000134	23.002829	0.111279	2.999919	23.000126	
2.889994	3.000134	23.002829	0.111279	3.000036	23.000024	
2.891317	3.000134	23.002829	0.111279	3.000137	23.000057	
2.892641	3.000134	23.002829	0.111279	3.000018	23.000103	
2.893744	3.000134	23.002829	0.111279	3.000021	23.000046	
2.894847	3.000134	23.002829	0.111279	3.000112	23.000136	
2.895950	3.000134	23.002829	0.111279	2.999989	23.000146	
2.897053	3.000134	23.002829	0.111279	2.999819	22.999930	
2.898299	3.000134	23.002829	0.111279	3.000062	23.000067	
2.899545	3.000134	23.002829	0.111279	3.000028	23.000220	
2.900792	3.000134	23.002829	0.111279	3.000148	22.999982	
2.902038	3.000134	23.002829	0.111279	3.000184	23.000007	
2.903108	3.000134	23.002829	0.111279	3.000000	22.999876	
2.904179	3.000134	23.002829	0.111279	2.999833	22.999930	
2.905249	3.000134	23.002829	0.111279	2.999969	23.000178	
2.906320	3.000134	23.002829	0.111279	3.000111	22.999980	
2.907462	3.000134	23.002829	0.111279	2.999876	22.999913	
2.908605	3.000134	23.002829	0.111279	3.000124	23.000162	
2.909748	3.000134	23.002829	0.111279	2.999971	23.000026	
2.910891	3.000134	23.002829	0.111279	2.999999	23.000078	
2.911880	3.000134	23.002829	0.111279	3.000099	22.999990	
2.912870	3.000134	23.002829	0.111279	2.999922	23.000093	
2.913859	3.000134	23.002829	0.111279	2.999983	23.000102	
2.914849	3.000134	23.002829	0.111279	3.000026	23.000014	
2.915837	3.000134	23.002829	0.111279	3.000016	22.999990	
2.916825	3.000134	23.002829	0.111279	3.000110	22.999952	
2.917813	3.000134	23.002829	0.111279	2.999968	23.000069	
2.918801	3.000134	23.002829	0.111279	2.999864	23.000035	
2.919902	3.000134	23.002829	0.111279	2.999960	22.999886	
2.921003	3.000134	23.002829	0.111279	3.000017	23.000047	
2.922104	3.000134	23.002829	0.111279	3.000047	23.000139	
2.923205	3.000134	23.002829	0.111279	3.000040	22.999972	
2.924303	3.000134	23.002829	0.111279	2.999969	22.999985	
2.925401	3.000134	23.002829	0.111279	3.000097	22.999995	
2.926499	3.000134	23.002829	0.111279	2.999971	23.000072	
2.927597	3.000134	23.002829	0.111279	3.000083	22.999836	
2.928752	3.000134	23.002829	0.111279	2.999930	23.000077	
2.929907	3.000134	23.002829	0.111279	3.000060	23.000026	
2.931062	3.000134	23.002829	0.111279	2.999966	23.000011	
2.932217	3.000134	23.002829	0.111279	2.999853	22.999924	
2.933410	3.000134	23.002829	0.111279	3.000066	23.000171	
2.934603	3.000134	23.002829	0.111279	3.000072	23.000036	
2.935797	3.000134	23.002829	0.111279	2.999874	22.999932	
2.936990	3.000134	23.002829	0.111279	3.000081	23.000111	
2.938143	3.000134	23.002829	0.111279	3.000022	23.000087	
2.939296	3.000134	23.002829	0.111279	2.999803	22.999980	
2.940449	3.000134	23.002829	0.111279	2.999936	23.000014	
2.941602	3.000134	23.002829	0.111279	3.000100	22.999974	
2.942995	3.000134	23.002829	0.111279	2.999876	22.999897	
2.944388	3.000134	23.002829	0.111279	2.999992	22.999973	
2.945780	3.000134	23.002829	0.111279	2.999944	23.000150	
2.947173	3.000134	23.002829	0.111279	3.000145	22.999815	
2.948395	3.000134	23.002829	0.111279	3.000060	22.999879	
2.949618	3.000134	23.002829	0.111279	2.999915	23.000031	
2.950840	3.000134	23.002829	0.111279	3.000266	22.999979	
2.952062	3.000134	23.002829	0.111279	2.999954	22.999935	
2.953199	3.000134	23.002829	0.111279	3.000036	22.999977	
2.954335	3.000134	23.002829	0.111279	2.999926	23.000005	
2.955472	3.000134	23.002829	0.111279	3.000145	22.999938	
2.956608	3.000134	23.002829	0.111279	2.999957	22.999868	
2.957712	3.000134	23.002829	0.111279	2.999852	23.000038	
2.958815	3.000134	23.002829	0.111279	3.000084	22.999921	
2.959918	3.000134	23.002829	0.111279	3.000098	22.999862	
2.961022	3.000134	23.002829	0.111279	3.000121	23.000138	
2.962201	3.000134	23.002829	0.111279	2.999980	22.999915	
2.963380	3.000134	23.002829	0.111279	3.000057	22.999976	
2.964559	3.000134	23.002829	0.111279	3.000047	22.999921	
2.965738	3.000134	23.002829	0.111279	3.000116	22.999928	
2.966838	3.000134	23.002829	0.111279	3.000035	23.000184	
2.967939	3.000134	23.002829	0.111279	2.999950	23.000033	
2.969040	3.000134	23.002829	0.111279	3.000256	23.000014	
2.970141	3.000134	23.002829	0.111279	3.000052	23.000044	
2.971213	3.000134	23.002829	0.111279	2.999914	22.999995	
2.972285	3.000134	23.002829	0.111279	3.000041	22.999914	
2.973357	3.000134	23.002829	0.111279	2.999928	23.000079	
2.974429	3.000134	23.002829	0.111279	2.999849	22.999885	
2.975601	3.000134	23.002829	0.111279	3.000118	22.999921	
2.976774	3.000134	23.002829	0.111279	2.999957	23.000027	
2.977946	3.000134	23.002829	0.111279	3.000049	23.000136	
2.979119	3.000134	23.002829	0.111279	2.999936	23.000044	
2.980551	3.000134	23.002829	0.111279	3.000082	22.999999	
2.981983	3.000134	23.002829	0.111279	3.000069	22.999940	
2.983415	3.000134	23.002829	0.111279	3.000115	22.999816	
2.984847	3.000134	23.002829	0.111279	3.000066	23.000055	
2.986089	3.000134	23.002829	0.111279	3.000061	22.999953	
2.987331	3.000134	23.002829	0.111279	2.999871	22.999900	
2.988573	3.000134	23.002829	0.111279	2.999881	23.000039	
2.989815	3.000134	23.002829	0.111279	3.000087	23.000061	
2.990903	3.000134	23.002829	0.111279	2.999894	23.000058	
2.991991	3.000134	23.002829	0.111279	3.000039	22.999959	
2.993079	3.000134	23.002829	0.111279	3.000023	22.999905	
2.994167	3.000134	23.002829	0.111279	3.000034	23.000066	
2.995134	3.000134	23.002829	0.111279	2.999972	23.000041	
2.996101	3.000134	23.002829	0.111279	3.000033	22.999998	
2.997068	3.000134	23.002829	0.111279	3.000124	23.000132	
2.998035	3.000134	23.002829	0.111279	2.999866	22.999990	
2.998526	3.000134	23.002829	0.111279	3.000055	22.999915	
2.999017	3.000134	23.002829	0.111279	2.999884	22.999782	
2.999509	3.000134	23.002829	0.111279	3.000024	23.000201	
3.000000	3.000134	23.002829	0.111279	3.000071	23.000155	
