0.000000	3.792238	-2.221442	6.013679	-4.442883	
0.000040	3.792238	-2.221442	6.013679	-4.442883	
0.000081	3.792238	-2.221442	6.013679	-4.442883	
0.000121	3.792238	-2.221442	6.013679	-4.442883	
0.000161	3.792238	-2.221442	6.013679	-4.442883	
0.000269	3.792238	-2.221442	6.013679	-4.442883	
0.000376	3.792238	-2.221442	6.013679	-4.442883	
0.000483	3.792238	-2.221442	6.013679	-4.442883	
0.000591	3.792238	-2.221442	6.013679	-4.442883	
0.000817	3.792237	-2.221441	6.013678	-4.442882	
0.001042	3.792237	-2.221441	6.013678	-4.442882	
0.001268	3.792237	-2.221441	6.013677	-4.442881	
0.001494	3.792236	-2.221440	6.013676	-4.442880	
0.001733	3.792236	-2.221440	6.013675	-4.442879	
0.001972	3.792235	-2.221439	6.013673	-4.442877	
0.002211	3.792234	-2.221438	6.013672	-4.442876	
0.002450	3.792234	-2.221438	6.013671	-4.442875	
0.003186	3.792230	-2.221434	6.013663	-4.442867	
0.003922	3.792225	-2.221429	6.013654	-4.442858	
0.004658	3.792217	-2.221421	6.013641	-4.442845	
0.005395	3.792208	-2.221412	6.013626	-4.442830	
0.006099	3.792196	-2.221400	6.013607	-4.442811	
0.006803	3.792182	-2.221386	6.013586	-4.442790	
0.007507	3.792164	-2.221368	6.013560	-4.442764	
0.008211	3.792144	-2.221348	6.013532	-4.442736	
0.010538	3.792054	-2.221258	6.013406	-4.442610	
0.012865	3.791921	-2.221125	6.013227	-4.442431	
0.015192	3.791737	-2.220941	6.012984	-4.442188	
0.017518	3.791495	-2.220699	6.012670	-4.441874	
0.027355	3.789654	-2.218858	6.010343	-4.439547	
0.037192	3.786055	-2.215259	6.005895	-4.435099	
0.047029	3.780122	-2.209326	5.998653	-4.427857	
0.056865	3.771286	-2.200490	5.987955	-4.417159	
0.062576	3.764603	-2.193807	5.979903	-4.409107	
0.068287	3.756646	-2.185850	5.970343	-4.399547	
0.073997	3.747309	-2.176513	5.959154	-4.388358	
0.079708	3.736491	-2.165695	5.946219	-4.375423	
0.085419	3.724091	-2.153295	5.931421	-4.360625	
0.091129	3.710014	-2.139218	5.914651	-4.343855	
0.096840	3.694168	-2.123372	5.895802	-4.325006	
0.102550	3.676464	-2.105668	5.874771	-4.303975	
0.106133	3.664373	-2.093577	5.860420	-4.289624	
0.109715	3.651500	-2.080704	5.845151	-4.274355	
0.113298	3.637825	-2.067029	5.828940	-4.258144	
0.116880	3.623332	-2.052536	5.811767	-4.240971	
0.119491	3.612243	-2.041447	5.798634	-4.227838	
0.122102	3.600705	-2.029909	5.784974	-4.214178	
0.124713	3.588710	-2.017914	5.770777	-4.199981	
0.127324	3.576255	-2.005459	5.756040	-4.185244	
0.129935	3.563329	-1.992533	5.740755	-4.169959	
0.132546	3.549946	-1.979150	5.724917	-4.154121	
0.135157	3.536154	-1.965358	5.708522	-4.137726	
0.137768	3.522023	-1.951227	5.691563	-4.120767	
0.141274	3.502641	-1.931845	5.667899	-4.097103	
0.144780	3.482859	-1.912063	5.643204	-4.072408	
0.148285	3.462709	-1.891913	5.617468	-4.046672	
0.151791	3.442191	-1.871395	5.590686	-4.019890	
0.156696	3.412862	-1.842066	5.551457	-3.980661	
0.161600	3.382820	-1.812024	5.510161	-3.939365	
0.166505	3.352082	-1.781286	5.466798	-3.896002	
0.171409	3.320665	-1.749869	5.421371	-3.850575	
0.195932	3.154062	-1.583266	5.163600	-3.592804	
0.220454	2.974956	-1.404160	4.858899	-3.288103	
0.244977	2.788613	-1.217817	4.515602	-2.944806	
0.269500	2.600902	-1.030106	4.145069	-2.574273	
0.285779	2.478758	-0.907962	3.891059	-2.320263	
0.302059	2.360906	-0.790110	3.636299	-2.065503	
0.318338	2.249067	-0.678271	3.385501	-1.814705	
0.334618	2.144768	-0.573972	3.143148	-1.572352	
0.350898	2.049416	-0.478620	2.913699	-1.342903	
0.367177	1.963644	-0.392848	2.700299	-1.129503	
0.383457	1.887735	-0.316939	2.505276	-0.934480	
0.399736	1.822042	-0.251246	2.330935	-0.760139	
0.410215	1.785204	-0.214408	2.230440	-0.659644	
0.420694	1.752360	-0.181564	2.138971	-0.568175	
0.431173	1.723300	-0.152504	2.056362	-0.485566	
0.441652	1.697846	-0.127050	1.982497	-0.411701	
0.452131	1.675801	-0.105005	1.917190	-0.346394	
0.462609	1.656836	-0.086040	1.859830	-0.289034	
0.473088	1.640638	-0.069842	1.809813	-0.239017	
0.483567	1.626969	-0.056173	1.766713	-0.195917	
0.493023	1.616609	-0.045813	1.733386	-0.162590	
0.502480	1.607867	-0.037071	1.704721	-0.133925	
0.511936	1.600537	-0.029741	1.680212	-0.109416	
0.521393	1.594456	-0.023660	1.659480	-0.088684	
0.529689	1.590031	-0.019235	1.644116	-0.073320	
0.537986	1.586328	-0.015532	1.631032	-0.060236	
0.546283	1.583245	-0.012449	1.619941	-0.049145	
0.554580	1.580701	-0.009905	1.610624	-0.039828	
0.562120	1.578795	-0.007999	1.603523	-0.032727	
0.569661	1.577213	-0.006417	1.597532	-0.026736	
0.577202	1.575908	-0.005112	1.592501	-0.021705	
0.584743	1.574838	-0.004042	1.588306	-0.017510	
0.591739	1.574026	-0.003230	1.585069	-0.014273	
0.598735	1.573359	-0.002563	1.582365	-0.011569	
0.605731	1.572814	-0.002018	1.580114	-0.009318	
0.612727	1.572371	-0.001575	1.578254	-0.007458	
0.619314	1.572032	-0.001236	1.576809	-0.006013	
0.625900	1.571758	-0.000962	1.575615	-0.004819	
0.632487	1.571535	-0.000739	1.574630	-0.003834	
0.639073	1.571357	-0.000561	1.573825	-0.003029	
0.645340	1.571221	-0.000425	1.573199	-0.002403	
0.651607	1.571112	-0.000316	1.572686	-0.001890	
0.657873	1.571025	-0.000229	1.572269	-0.001473	
0.664140	1.570956	-0.000160	1.571931	-0.001135	
0.670176	1.570904	-0.000108	1.571668	-0.000872	
0.676212	1.570863	-0.000067	1.571456	-0.000660	
0.682248	1.570831	-0.000035	1.571286	-0.000490	
0.688284	1.570806	-0.000010	1.571150	-0.000354	
0.694149	1.570788	0.000008	1.571045	-0.000249	
0.700014	1.570774	0.000022	1.570962	-0.000166	
0.705879	1.570764	0.000032	1.570897	-0.000101	
0.711744	1.570756	0.000040	1.570846	-0.000050	
0.717245	1.570751	0.000045	1.570809	-0.000013	
0.722746	1.570748	0.000048	1.570781	0.000015	
0.728247	1.570746	0.000050	1.570759	0.000037	
0.733748	1.570744	0.000052	1.570742	0.000054	
0.738109	1.570744	0.000052	1.570732	0.000064	
0.742471	1.570744	0.000052	1.570725	0.000071	
0.746832	1.570744	0.000052	1.570718	0.000078	
0.751193	1.570744	0.000052	1.570714	0.000082	
0.755554	1.570745	0.000051	1.570711	0.000085	
0.759915	1.570746	0.000050	1.570709	0.000087	
0.764277	1.570747	0.000049	1.570708	0.000088	
0.768638	1.570748	0.000048	1.570708	0.000088	
0.773298	1.570749	0.000047	1.570708	0.000088	
0.777959	1.570750	0.000046	1.570709	0.000087	
0.782619	1.570751	0.000045	1.570710	0.000086	
0.787279	1.570752	0.000044	1.570711	0.000085	
0.791162	1.570753	0.000043	1.570712	0.000084	
0.795044	1.570755	0.000041	1.570714	0.000082	
0.798927	1.570756	0.000040	1.570716	0.000080	
0.802809	1.570757	0.000039	1.570718	0.000078	
0.807155	1.570758	0.000038	1.570719	0.000077	
0.811500	1.570759	0.000037	1.570721	0.000075	
0.815846	1.570760	0.000036	1.570723	0.000073	
0.820192	1.570761	0.000035	1.570725	0.000071	
0.824158	1.570762	0.000034	1.570727	0.000069	
0.828124	1.570763	0.000033	1.570729	0.000067	
0.832091	1.570764	0.000032	1.570731	0.000065	
0.836057	1.570765	0.000031	1.570733	0.000063	
0.839403	1.570765	0.000031	1.570733	0.000063	
0.842749	1.570766	0.000030	1.570735	0.000061	
0.846095	1.570767	0.000029	1.570737	0.000059	
0.849441	1.570768	0.000028	1.570738	0.000058	
0.853126	1.570768	0.000028	1.570739	0.000057	
0.856812	1.570769	0.000027	1.570741	0.000055	
0.860498	1.570770	0.000026	1.570743	0.000053	
0.864184	1.570771	0.000025	1.570745	0.000051	
0.867264	1.570771	0.000025	1.570745	0.000051	
0.870345	1.570772	0.000024	1.570747	0.000049	
0.873425	1.570773	0.000023	1.570749	0.000047	
0.876505	1.570773	0.000023	1.570749	0.000047	
0.879623	1.570774	0.000022	1.570751	0.000045	
0.882741	1.570774	0.000022	1.570751	0.000045	
0.885859	1.570775	0.000021	1.570753	0.000043	
0.888976	1.570776	0.000020	1.570755	0.000041	
0.892094	1.570776	0.000020	1.570755	0.000041	
0.895212	1.570777	0.000019	1.570757	0.000039	
0.898330	1.570778	0.000018	1.570759	0.000037	
0.901448	1.570778	0.000018	1.570759	0.000037	
0.905257	1.570779	0.000017	1.570761	0.000035	
0.909066	1.570780	0.000016	1.570763	0.000033	
0.912875	1.570781	0.000015	1.570765	0.000031	
0.916684	1.570781	0.000015	1.570766	0.000030	
0.918200	1.570782	0.000014	1.570767	0.000029	
0.919717	1.570782	0.000014	1.570767	0.000029	
0.921233	1.570782	0.000014	1.570768	0.000028	
0.922749	1.570783	0.000013	1.570769	0.000027	
0.924266	1.570783	0.000013	1.570769	0.000027	
0.925782	1.570783	0.000013	1.570770	0.000026	
0.927298	1.570784	0.000012	1.570771	0.000025	
0.928815	1.570784	0.000012	1.570771	0.000025	
0.930734	1.570785	0.000011	1.570773	0.000023	
0.932653	1.570785	0.000011	1.570773	0.000023	
0.934572	1.570786	0.000010	1.570775	0.000021	
0.936492	1.570786	0.000010	1.570775	0.000021	
0.938591	1.570786	0.000010	1.570776	0.000020	
0.940690	1.570787	0.000009	1.570777	0.000019	
0.942789	1.570787	0.000009	1.570778	0.000018	
0.944888	1.570788	0.000008	1.570779	0.000017	
0.947227	1.570788	0.000008	1.570780	0.000016	
0.949565	1.570789	0.000007	1.570781	0.000015	
0.951904	1.570789	0.000007	1.570782	0.000014	
0.954242	1.570790	0.000006	1.570784	0.000012	
0.956493	1.570791	0.000005	1.570785	0.000011	
0.958744	1.570791	0.000005	1.570786	0.000010	
0.960995	1.570792	0.000004	1.570787	0.000009	
0.963246	1.570792	0.000004	1.570788	0.000008	
0.964664	1.570792	0.000004	1.570788	0.000008	
0.966082	1.570793	0.000003	1.570789	0.000007	
0.967500	1.570793	0.000003	1.570790	0.000006	
0.968918	1.570793	0.000003	1.570790	0.000006	
0.969859	1.570794	0.000002	1.570791	0.000005	
0.970800	1.570794	0.000002	1.570791	0.000005	
0.971741	1.570794	0.000002	1.570792	0.000004	
0.972681	1.570794	0.000002	1.570792	0.000004	
0.973622	1.570794	0.000002	1.570792	0.000004	
0.974563	1.570795	0.000001	1.570793	0.000003	
0.975504	1.570795	0.000001	1.570793	0.000003	
0.976445	1.570795	0.000001	1.570794	0.000002	
0.977018	1.570795	0.000001	1.570794	0.000002	
0.977592	1.570795	0.000001	1.570794	0.000002	
0.978166	1.570795	0.000001	1.570794	0.000002	
0.978739	1.570795	0.000001	1.570794	0.000002	
0.979313	1.570795	0.000001	1.570794	0.000002	
0.979886	1.570796	0.000000	1.570795	0.000001	
0.980460	1.570796	0.000000	1.570795	0.000001	
0.981033	1.570796	0.000000	1.570795	0.000001	
0.981550	1.570796	0.000000	1.570795	0.000001	
0.982067	1.570796	0.000000	1.570795	0.000001	
0.982584	1.570796	0.000000	1.570796	0.000000	
0.983102	1.570796	0.000000	1.570796	0.000000	
0.983541	1.570796	0.000000	1.570796	0.000000	
0.983980	1.570796	0.000000	1.570796	0.000000	
0.984419	1.570796	0.000000	1.570796	0.000000	
0.984858	1.570796	0.000000	1.570796	0.000000	
0.985225	1.570796	0.000000	1.570796	0.000000	
0.985593	1.570796	0.000000	1.570796	0.000000	
0.985961	1.570796	0.000000	1.570796	0.000000	
0.986329	1.570796	0.000000	1.570796	0.000000	
0.986638	1.570796	0.000000	1.570796	0.000000	
0.986947	1.570796	0.000000	1.570796	0.000000	
0.987257	1.570796	0.000000	1.570796	0.000000	
0.987566	1.570796	0.000000	1.570796	0.000000	
0.987863	1.570796	0.000000	1.570796	0.000000	
0.988160	1.570796	0.000000	1.570796	0.000000	
0.988457	1.570796	0.000000	1.570796	0.000000	
0.988754	1.570796	0.000000	1.570796	0.000000	
0.989055	1.570796	0.000000	1.570796	0.000000	
0.989357	1.570796	0.000000	1.570796	0.000000	
0.989658	1.570796	0.000000	1.570796	0.000000	
0.989960	1.570796	0.000000	1.570796	0.000000	
0.990379	1.570796	0.000000	1.570796	0.000000	
0.990799	1.570796	0.000000	1.570796	0.000000	
0.991219	1.570796	0.000000	1.570796	0.000000	
0.991639	1.570796	0.000000	1.570796	0.000000	
0.992099	1.570796	0.000000	1.570796	0.000000	
0.992559	1.570796	0.000000	1.570796	0.000000	
0.993020	1.570796	0.000000	1.570796	0.000000	
0.993480	1.570796	0.000000	1.570796	0.000000	
0.994195	1.570796	0.000000	1.570796	0.000000	
0.994909	1.570796	0.000000	1.570796	0.000000	
0.995623	1.570796	0.000000	1.570796	0.000000	
0.996338	1.570796	0.000000	1.570796	0.000000	
0.996974	1.570796	0.000000	1.570796	0.000000	
0.997610	1.570796	0.000000	1.570796	0.000000	
0.998246	1.570796	0.000000	1.570796	0.000000	
0.998883	1.570796	0.000000	1.570796	0.000000	
0.999424	1.570796	0.000000	1.570796	0.000000	
0.999966	1.570796	0.000000	1.570796	0.000000	
1.000508	1.570796	0.000000	1.570796	0.000000	
1.001050	1.570796	0.000000	1.570796	0.000000	
1.001516	1.570796	0.000000	1.570796	0.000000	
1.001982	1.570796	0.000000	1.570796	0.000000	
1.002449	1.570796	0.000000	1.570796	0.000000	
1.002915	1.570796	0.000000	1.570795	0.000001	
1.003834	1.570795	0.000001	1.570794	0.000002	
1.004753	1.570795	0.000001	1.570794	0.000002	
1.005671	1.570795	0.000001	1.570793	0.000003	
1.006590	1.570794	0.000002	1.570792	0.000004	
1.008004	1.570793	0.000003	1.570789	0.000007	
1.009418	1.570792	0.000004	1.570787	0.000009	
1.010832	1.570790	0.000006	1.570784	0.000012	
1.012246	1.570788	0.000008	1.570780	0.000016	
1.014292	1.570785	0.000011	1.570774	0.000022	
1.016338	1.570782	0.000014	1.570767	0.000029	
1.018385	1.570778	0.000018	1.570759	0.000037	
1.020431	1.570774	0.000022	1.570751	0.000045	
1.024248	1.570765	0.000031	1.570733	0.000063	
1.028065	1.570755	0.000041	1.570712	0.000084	
1.031882	1.570742	0.000054	1.570686	0.000110	
1.035698	1.570729	0.000067	1.570659	0.000137	
1.038051	1.570720	0.000076	1.570641	0.000155	
1.040403	1.570710	0.000086	1.570621	0.000175	
1.042756	1.570700	0.000096	1.570600	0.000196	
1.045109	1.570689	0.000107	1.570578	0.000218	
1.046048	1.570684	0.000112	1.570569	0.000227	
1.046987	1.570680	0.000116	1.570560	0.000236	
1.047926	1.570675	0.000121	1.570550	0.000246	
1.048865	1.570670	0.000126	1.570540	0.000256	
1.049392	1.570668	0.000128	1.570535	0.000261	
1.049919	1.570665	0.000131	1.570529	0.000267	
1.050446	1.570662	0.000134	1.570524	0.000272	
1.050972	1.570659	0.000137	1.570518	0.000278	
1.051499	1.570656	0.000140	1.570512	0.000284	
1.052026	1.570654	0.000142	1.570507	0.000289	
1.052553	1.570651	0.000145	1.570501	0.000295	
1.053080	1.570647	0.000149	1.570495	0.000301	
1.053830	1.570641	0.000155	1.570486	0.000310	
1.054580	1.570632	0.000164	1.570477	0.000319	
1.055330	1.570620	0.000176	1.570469	0.000327	
1.056079	1.570604	0.000192	1.570460	0.000336	
1.057709	1.570549	0.000247	1.570440	0.000356	
1.059339	1.570462	0.000334	1.570420	0.000376	
1.060969	1.570337	0.000459	1.570399	0.000397	
1.062599	1.570170	0.000626	1.570378	0.000418	
1.064591	1.569907	0.000889	1.570351	0.000445	
1.066582	1.569579	0.001217	1.570324	0.000472	
1.068573	1.569182	0.001614	1.570296	0.000500	
1.070564	1.568716	0.002080	1.570267	0.000529	
1.079784	1.565591	0.005205	1.570123	0.000673	
1.089004	1.560741	0.010055	1.569964	0.000832	
1.098224	1.553986	0.016810	1.569789	0.001007	
1.107444	1.545160	0.025636	1.569602	0.001194	
1.124011	1.523608	0.047188	1.569236	0.001560	
1.140577	1.494076	0.076720	1.568841	0.001955	
1.157144	1.455983	0.114813	1.568429	0.002367	
1.173711	1.409002	0.161794	1.568013	0.002783	
1.197225	1.326933	0.243863	1.567435	0.003361	
1.220740	1.227875	0.342921	1.566910	0.003886	
1.244255	1.114176	0.456620	1.566475	0.004321	
1.267770	0.989244	0.581552	1.566164	0.004632	
1.284163	0.897847	0.672949	1.566036	0.004760	
1.300557	0.804962	0.765834	1.565988	0.004808	
1.316951	0.712392	0.858404	1.566020	0.004776	
1.333345	0.621882	0.948914	1.566131	0.004665	
1.349738	0.535198	1.035598	1.566314	0.004482	
1.366132	0.453703	1.117093	1.566558	0.004238	
1.382526	0.378463	1.192333	1.566851	0.003945	
1.398919	0.310498	1.260298	1.567183	0.003613	
1.409618	0.270442	1.300354	1.567414	0.003382	
1.420317	0.233789	1.337007	1.567649	0.003147	
1.431016	0.200521	1.370275	1.567888	0.002908	
1.441715	0.170630	1.400166	1.568124	0.002672	
1.452414	0.144081	1.426715	1.568356	0.002440	
1.463113	0.120659	1.450137	1.568581	0.002215	
1.473812	0.100148	1.470648	1.568796	0.002000	
1.484510	0.082402	1.488394	1.569001	0.001795	
1.494174	0.068616	1.502180	1.569174	0.001622	
1.503838	0.056719	1.514077	1.569336	0.001460	
1.513502	0.046512	1.524284	1.569485	0.001311	
1.523166	0.037852	1.532944	1.569623	0.001173	
1.531641	0.031418	1.539378	1.569733	0.001063	
1.540115	0.025924	1.544872	1.569834	0.000962	
1.548590	0.021253	1.549543	1.569925	0.000871	
1.557065	0.017318	1.553478	1.570008	0.000788	
1.560140	0.016057	1.554739	1.570044	0.000752	
1.563216	0.014876	1.555920	1.570075	0.000721	
1.566291	0.013770	1.557026	1.570025	0.000771	
1.569366	0.012737	1.558059	1.569755	0.001041	
1.572441	0.011772	1.559024	1.569077	0.001719	
1.575517	0.010871	1.559925	1.567823	0.002973	
1.578592	0.010032	1.560764	1.565846	0.004950	
1.581667	0.009250	1.561546	1.563009	0.007787	
1.585572	0.008335	1.562461	1.557977	0.012819	
1.589476	0.007501	1.563295	1.551157	0.019639	
1.593381	0.006742	1.564054	1.542371	0.028425	
1.597286	0.006052	1.564744	1.531464	0.039332	
1.602558	0.005222	1.565574	1.513145	0.057651	
1.607831	0.004496	1.566300	1.490498	0.080298	
1.613103	0.003862	1.566934	1.463350	0.107446	
1.618376	0.003311	1.567485	1.431565	0.139231	
1.625367	0.002692	1.568104	1.382120	0.188676	
1.632358	0.002183	1.568613	1.324303	0.246493	
1.639349	0.001764	1.569032	1.258128	0.312668	
1.646340	0.001422	1.569374	1.183674	0.387122	
1.651001	0.001231	1.569565	1.129507	0.441289	
1.655662	0.001065	1.569731	1.071792	0.499004	
1.660324	0.000921	1.569875	1.010598	0.560198	
1.664985	0.000796	1.570000	0.946001	0.624795	
1.669646	0.000688	1.570108	0.877850	0.692946	
1.674307	0.000596	1.570200	0.806840	0.763956	
1.678968	0.000516	1.570280	0.734635	0.836161	
1.683629	0.000447	1.570349	0.663314	0.907482	
1.688218	0.000389	1.570407	0.595833	0.974963	
1.692806	0.000340	1.570456	0.531725	1.039071	
1.697395	0.000297	1.570499	0.471527	1.099269	
1.701983	0.000260	1.570536	0.415780	1.155016	
1.706156	0.000232	1.570564	0.369230	1.201566	
1.710329	0.000207	1.570589	0.326519	1.244277	
1.714502	0.000186	1.570610	0.287552	1.283244	
1.718676	0.000167	1.570629	0.252260	1.318536	
1.723007	0.000150	1.570646	0.219399	1.351397	
1.727339	0.000136	1.570660	0.190083	1.380713	
1.731670	0.000124	1.570672	0.164036	1.406760	
1.736002	0.000113	1.570683	0.141041	1.429755	
1.740369	0.000104	1.570692	0.120724	1.450072	
1.744736	0.000096	1.570700	0.102970	1.467826	
1.749103	0.000089	1.570707	0.087506	1.483290	
1.753470	0.000083	1.570713	0.074112	1.496684	
1.757857	0.000077	1.570719	0.062530	1.508266	
1.762245	0.000073	1.570723	0.052586	1.518210	
1.766632	0.000069	1.570727	0.044071	1.526725	
1.771020	0.000065	1.570731	0.036815	1.533981	
1.775215	0.000062	1.570734	0.030918	1.539878	
1.779409	0.000060	1.570736	0.025892	1.544904	
1.783604	0.000058	1.570738	0.021620	1.549176	
1.787799	0.000056	1.570740	0.018004	1.552792	
1.792246	0.000054	1.570742	0.014788	1.556008	
1.796694	0.000052	1.570744	0.012111	1.558685	
1.801141	0.000050	1.570746	0.009888	1.560908	
1.805589	0.000049	1.570747	0.008051	1.562745	
1.810005	0.000047	1.570749	0.006548	1.564248	
1.814421	0.000046	1.570750	0.005313	1.565483	
1.818837	0.000045	1.570751	0.004300	1.566496	
1.823254	0.000044	1.570752	0.003472	1.567324	
1.827766	0.000043	1.570753	0.002785	1.568011	
1.832278	0.000041	1.570755	0.002229	1.568567	
1.836790	0.000040	1.570756	0.001782	1.569014	
1.841303	0.000040	1.570756	0.001424	1.569372	
1.845142	0.000039	1.570757	0.001175	1.569621	
1.848982	0.000038	1.570758	0.000970	1.569826	
1.852822	0.000037	1.570759	0.000800	1.569996	
1.856662	0.000036	1.570760	0.000661	1.570135	
1.860831	0.000036	1.570760	0.000539	1.570257	
1.865000	0.000035	1.570761	0.000440	1.570356	
1.869169	0.000034	1.570762	0.000361	1.570435	
1.873339	0.000033	1.570763	0.000297	1.570499	
1.878390	0.000033	1.570763	0.000237	1.570559	
1.883442	0.000032	1.570764	0.000191	1.570605	
1.888493	0.000031	1.570765	0.000156	1.570640	
1.893544	0.000030	1.570766	0.000130	1.570666	
1.899107	0.000029	1.570767	0.000108	1.570688	
1.904669	0.000029	1.570767	0.000092	1.570704	
1.910232	0.000028	1.570768	0.000080	1.570716	
1.915794	0.000027	1.570769	0.000071	1.570725	
1.919657	0.000027	1.570769	0.000067	1.570729	
1.923520	0.000026	1.570770	0.000062	1.570734	
1.927382	0.000026	1.570770	0.000059	1.570737	
1.931245	0.000025	1.570771	0.000056	1.570740	
1.935108	0.000025	1.570771	0.000054	1.570742	
1.938970	0.000024	1.570772	0.000052	1.570744	
1.942833	0.000024	1.570772	0.000050	1.570746	
1.946696	0.000024	1.570772	0.000049	1.570747	
1.950717	0.000023	1.570773	0.000047	1.570749	
1.954739	0.000023	1.570773	0.000046	1.570750	
1.958761	0.000022	1.570774	0.000045	1.570751	
1.962783	0.000022	1.570774	0.000044	1.570752	
1.966383	0.000022	1.570774	0.000044	1.570752	
1.969983	0.000021	1.570775	0.000042	1.570754	
1.973583	0.000021	1.570775	0.000042	1.570754	
1.977184	0.000021	1.570775	0.000041	1.570755	
1.980184	0.000020	1.570776	0.000040	1.570756	
1.983183	0.000020	1.570776	0.000040	1.570756	
1.986183	0.000020	1.570776	0.000039	1.570757	
1.989183	0.000020	1.570776	0.000039	1.570757	
1.992346	0.000019	1.570777	0.000038	1.570758	
1.995509	0.000019	1.570777	0.000038	1.570758	
1.998673	0.000019	1.570777	0.000037	1.570759	
2.001836	0.000018	1.570778	0.000036	1.570760	
2.004550	0.000018	1.570778	0.000036	1.570760	
2.007263	0.000018	1.570778	0.000036	1.570760	
2.009977	0.000018	1.570778	0.000035	1.570761	
2.012691	0.000018	1.570778	0.000035	1.570761	
2.015546	0.000017	1.570779	0.000034	1.570762	
2.018402	0.000017	1.570779	0.000034	1.570762	
2.021258	0.000017	1.570779	0.000034	1.570762	
2.024113	0.000017	1.570779	0.000033	1.570763	
2.027397	0.000017	1.570779	0.000033	1.570763	
2.030680	0.000016	1.570780	0.000032	1.570764	
2.033963	0.000016	1.570780	0.000032	1.570764	
2.037247	0.000016	1.570780	0.000032	1.570764	
2.040109	0.000016	1.570780	0.000031	1.570765	
2.042972	0.000016	1.570780	0.000031	1.570765	
2.045835	0.000015	1.570781	0.000030	1.570766	
2.048697	0.000015	1.570781	0.000030	1.570766	
2.051468	0.000015	1.570781	0.000030	1.570766	
2.054238	0.000015	1.570781	0.000030	1.570766	
2.057008	0.000015	1.570781	0.000029	1.570767	
2.059779	0.000015	1.570781	0.000029	1.570767	
2.063246	0.000014	1.570782	0.000028	1.570768	
2.066714	0.000014	1.570782	0.000028	1.570768	
2.070181	0.000014	1.570782	0.000028	1.570768	
2.073648	0.000014	1.570782	0.000027	1.570769	
2.076468	0.000014	1.570782	0.000027	1.570769	
2.079287	0.000013	1.570783	0.000026	1.570770	
2.082107	0.000013	1.570783	0.000026	1.570770	
2.084926	0.000013	1.570783	0.000026	1.570770	
2.087418	0.000013	1.570783	0.000026	1.570770	
2.089910	0.000013	1.570783	0.000026	1.570770	
2.092402	0.000013	1.570783	0.000026	1.570770	
2.094894	0.000013	1.570783	0.000025	1.570771	
2.097519	0.000013	1.570783	0.000025	1.570771	
2.100144	0.000012	1.570784	0.000024	1.570772	
2.102769	0.000012	1.570784	0.000024	1.570772	
2.105394	0.000012	1.570784	0.000024	1.570772	
2.107870	0.000012	1.570784	0.000024	1.570772	
2.110347	0.000012	1.570784	0.000024	1.570772	
2.112823	0.000012	1.570784	0.000024	1.570772	
2.115299	0.000012	1.570784	0.000023	1.570773	
2.117438	0.000012	1.570784	0.000023	1.570773	
2.119577	0.000012	1.570784	0.000023	1.570773	
2.121717	0.000011	1.570785	0.000022	1.570774	
2.123856	0.000011	1.570785	0.000022	1.570774	
2.126400	0.000011	1.570785	0.000022	1.570774	
2.128945	0.000011	1.570785	0.000022	1.570774	
2.131489	0.000011	1.570785	0.000022	1.570774	
2.134034	0.000011	1.570785	0.000022	1.570774	
2.136607	0.000011	1.570785	0.000022	1.570774	
2.139180	0.000011	1.570785	0.000022	1.570774	
2.141754	0.000011	1.570785	0.000021	1.570775	
2.144327	0.000011	1.570785	0.000021	1.570775	
2.146581	0.000010	1.570786	0.000020	1.570776	
2.148835	0.000010	1.570786	0.000020	1.570776	
2.151089	0.000010	1.570786	0.000020	1.570776	
2.153343	0.000010	1.570786	0.000020	1.570776	
2.155659	0.000010	1.570786	0.000020	1.570776	
2.157975	0.000010	1.570786	0.000020	1.570776	
2.160291	0.000010	1.570786	0.000020	1.570776	
2.162607	0.000010	1.570786	0.000020	1.570776	
2.166009	0.000010	1.570786	0.000020	1.570776	
2.169410	0.000010	1.570786	0.000019	1.570777	
2.172812	0.000010	1.570786	0.000019	1.570777	
2.176213	0.000009	1.570787	0.000018	1.570778	
2.178396	0.000009	1.570787	0.000018	1.570778	
2.180579	0.000009	1.570787	0.000018	1.570778	
2.182761	0.000009	1.570787	0.000018	1.570778	
2.184944	0.000009	1.570787	0.000018	1.570778	
2.187126	0.000009	1.570787	0.000018	1.570778	
2.189309	0.000009	1.570787	0.000018	1.570778	
2.191491	0.000009	1.570787	0.000018	1.570778	
2.193674	0.000009	1.570787	0.000018	1.570778	
2.195968	0.000009	1.570787	0.000018	1.570778	
2.198262	0.000009	1.570787	0.000018	1.570778	
2.200555	0.000009	1.570787	0.000017	1.570779	
2.202849	0.000009	1.570787	0.000017	1.570779	
2.205075	0.000009	1.570787	0.000017	1.570779	
2.207301	0.000008	1.570788	0.000016	1.570780	
2.209527	0.000008	1.570788	0.000016	1.570780	
2.211753	0.000008	1.570788	0.000016	1.570780	
2.213738	0.000008	1.570788	0.000016	1.570780	
2.215723	0.000008	1.570788	0.000016	1.570780	
2.217708	0.000008	1.570788	0.000016	1.570780	
2.219692	0.000008	1.570788	0.000016	1.570780	
2.221718	0.000008	1.570788	0.000016	1.570780	
2.223743	0.000008	1.570788	0.000016	1.570780	
2.225769	0.000008	1.570788	0.000016	1.570780	
2.227794	0.000008	1.570788	0.000016	1.570780	
2.230291	0.000008	1.570788	0.000016	1.570780	
2.232788	0.000008	1.570788	0.000016	1.570780	
2.235284	0.000008	1.570788	0.000016	1.570780	
2.237781	0.000008	1.570788	0.000015	1.570781	
2.240711	0.000008	1.570788	0.000015	1.570781	
2.243640	0.000007	1.570789	0.000014	1.570782	
2.246570	0.000007	1.570789	0.000014	1.570782	
2.249499	0.000007	1.570789	0.000014	1.570782	
2.252557	0.000007	1.570789	0.000014	1.570782	
2.255614	0.000007	1.570789	0.000014	1.570782	
2.258671	0.000007	1.570789	0.000014	1.570782	
2.261729	0.000007	1.570789	0.000014	1.570782	
2.264120	0.000007	1.570789	0.000014	1.570782	
2.266512	0.000007	1.570789	0.000014	1.570782	
2.268904	0.000007	1.570789	0.000014	1.570782	
2.271295	0.000007	1.570789	0.000014	1.570782	
2.273687	0.000007	1.570789	0.000014	1.570782	
2.276078	0.000007	1.570789	0.000014	1.570782	
2.278470	0.000007	1.570789	0.000014	1.570782	
2.280861	0.000007	1.570789	0.000013	1.570783	
2.282931	0.000007	1.570789	0.000013	1.570783	
2.285001	0.000007	1.570789	0.000013	1.570783	
2.287072	0.000007	1.570789	0.000013	1.570783	
2.289142	0.000006	1.570790	0.000012	1.570784	
2.291295	0.000006	1.570790	0.000012	1.570784	
2.293449	0.000006	1.570790	0.000012	1.570784	
2.295602	0.000006	1.570790	0.000012	1.570784	
2.297756	0.000006	1.570790	0.000012	1.570784	
2.299946	0.000006	1.570790	0.000012	1.570784	
2.302136	0.000006	1.570790	0.000012	1.570784	
2.304326	0.000006	1.570790	0.000012	1.570784	
2.306516	0.000006	1.570790	0.000012	1.570784	
2.308486	0.000006	1.570790	0.000012	1.570784	
2.310456	0.000006	1.570790	0.000012	1.570784	
2.312426	0.000006	1.570790	0.000012	1.570784	
2.314396	0.000006	1.570790	0.000012	1.570784	
2.316759	0.000006	1.570790	0.000012	1.570784	
2.319121	0.000006	1.570790	0.000012	1.570784	
2.321483	0.000006	1.570790	0.000012	1.570784	
2.323845	0.000006	1.570790	0.000012	1.570784	
2.326126	0.000006	1.570790	0.000012	1.570784	
2.328406	0.000006	1.570790	0.000012	1.570784	
2.330687	0.000006	1.570790	0.000012	1.570784	
2.332968	0.000006	1.570790	0.000011	1.570785	
2.335516	0.000006	1.570790	0.000011	1.570785	
2.338065	0.000006	1.570790	0.000011	1.570785	
2.340613	0.000006	1.570790	0.000011	1.570785	
2.343162	0.000005	1.570791	0.000010	1.570786	
2.345234	0.000005	1.570791	0.000010	1.570786	
2.347307	0.000005	1.570791	0.000010	1.570786	
2.349380	0.000005	1.570791	0.000010	1.570786	
2.351453	0.000005	1.570791	0.000010	1.570786	
2.353541	0.000005	1.570791	0.000010	1.570786	
2.355629	0.000005	1.570791	0.000010	1.570786	
2.357717	0.000005	1.570791	0.000010	1.570786	
2.359806	0.000005	1.570791	0.000010	1.570786	
2.361962	0.000005	1.570791	0.000010	1.570786	
2.364119	0.000005	1.570791	0.000010	1.570786	
2.366276	0.000005	1.570791	0.000010	1.570786	
2.368432	0.000005	1.570791	0.000010	1.570786	
2.370442	0.000005	1.570791	0.000010	1.570786	
2.372451	0.000005	1.570791	0.000010	1.570786	
2.374460	0.000005	1.570791	0.000010	1.570786	
2.376469	0.000005	1.570791	0.000010	1.570786	
2.378366	0.000005	1.570791	0.000010	1.570786	
2.380262	0.000005	1.570791	0.000010	1.570786	
2.382158	0.000005	1.570791	0.000010	1.570786	
2.384054	0.000005	1.570791	0.000010	1.570786	
2.385943	0.000005	1.570791	0.000010	1.570786	
2.387831	0.000005	1.570791	0.000010	1.570786	
2.389719	0.000005	1.570791	0.000010	1.570786	
2.391608	0.000005	1.570791	0.000010	1.570786	
2.393308	0.000005	1.570791	0.000010	1.570786	
2.395008	0.000005	1.570791	0.000010	1.570786	
2.396708	0.000005	1.570791	0.000010	1.570786	
2.398408	0.000005	1.570791	0.000010	1.570786	
2.401088	0.000005	1.570791	0.000009	1.570787	
2.403768	0.000005	1.570791	0.000009	1.570787	
2.406449	0.000005	1.570791	0.000009	1.570787	
2.409129	0.000004	1.570792	0.000008	1.570788	
2.410834	0.000004	1.570792	0.000008	1.570788	
2.412540	0.000004	1.570792	0.000008	1.570788	
2.414245	0.000004	1.570792	0.000008	1.570788	
2.415951	0.000004	1.570792	0.000008	1.570788	
2.417656	0.000004	1.570792	0.000008	1.570788	
2.419362	0.000004	1.570792	0.000008	1.570788	
2.421068	0.000004	1.570792	0.000008	1.570788	
2.422773	0.000004	1.570792	0.000008	1.570788	
2.424369	0.000004	1.570792	0.000008	1.570788	
2.425965	0.000004	1.570792	0.000008	1.570788	
2.427560	0.000004	1.570792	0.000008	1.570788	
2.429156	0.000004	1.570792	0.000008	1.570788	
2.430932	0.000004	1.570792	0.000008	1.570788	
2.432708	0.000004	1.570792	0.000008	1.570788	
2.434484	0.000004	1.570792	0.000008	1.570788	
2.436260	0.000004	1.570792	0.000008	1.570788	
2.438123	0.000004	1.570792	0.000008	1.570788	
2.439987	0.000004	1.570792	0.000008	1.570788	
2.441850	0.000004	1.570792	0.000008	1.570788	
2.443713	0.000004	1.570792	0.000008	1.570788	
2.445484	0.000004	1.570792	0.000008	1.570788	
2.447255	0.000004	1.570792	0.000008	1.570788	
2.449027	0.000004	1.570792	0.000008	1.570788	
2.450798	0.000004	1.570792	0.000008	1.570788	
2.452437	0.000004	1.570792	0.000008	1.570788	
2.454077	0.000004	1.570792	0.000008	1.570788	
2.455717	0.000004	1.570792	0.000008	1.570788	
2.457356	0.000004	1.570792	0.000008	1.570788	
2.459046	0.000004	1.570792	0.000008	1.570788	
2.460737	0.000004	1.570792	0.000008	1.570788	
2.462427	0.000004	1.570792	0.000008	1.570788	
2.464117	0.000004	1.570792	0.000008	1.570788	
2.465807	0.000004	1.570792	0.000008	1.570788	
2.467497	0.000004	1.570792	0.000008	1.570788	
2.469187	0.000004	1.570792	0.000008	1.570788	
2.470877	0.000004	1.570792	0.000008	1.570788	
2.472559	0.000004	1.570792	0.000008	1.570788	
2.474240	0.000004	1.570792	0.000008	1.570788	
2.475921	0.000004	1.570792	0.000008	1.570788	
2.477603	0.000004	1.570792	0.000008	1.570788	
2.479575	0.000004	1.570792	0.000008	1.570788	
2.481547	0.000004	1.570792	0.000008	1.570788	
2.483519	0.000004	1.570792	0.000008	1.570788	
2.485491	0.000004	1.570792	0.000008	1.570788	
2.487310	0.000004	1.570792	0.000008	1.570788	
2.489130	0.000004	1.570792	0.000007	1.570789	
2.490950	0.000004	1.570792	0.000007	1.570789	
2.492770	0.000004	1.570792	0.000007	1.570789	
2.494615	0.000004	1.570792	0.000007	1.570789	
2.496459	0.000004	1.570792	0.000007	1.570789	
2.498303	0.000003	1.570793	0.000006	1.570790	
2.500148	0.000003	1.570793	0.000006	1.570790	
2.501855	0.000003	1.570793	0.000006	1.570790	
2.503562	0.000003	1.570793	0.000006	1.570790	
2.505269	0.000003	1.570793	0.000006	1.570790	
2.506975	0.000003	1.570793	0.000006	1.570790	
2.508895	0.000003	1.570793	0.000006	1.570790	
2.510815	0.000003	1.570793	0.000006	1.570790	
2.512735	0.000003	1.570793	0.000006	1.570790	
2.514655	0.000003	1.570793	0.000006	1.570790	
2.516930	0.000003	1.570793	0.000006	1.570790	
2.519204	0.000003	1.570793	0.000006	1.570790	
2.521478	0.000003	1.570793	0.000006	1.570790	
2.523753	0.000003	1.570793	0.000006	1.570790	
2.525600	0.000003	1.570793	0.000006	1.570790	
2.527447	0.000003	1.570793	0.000006	1.570790	
2.529294	0.000003	1.570793	0.000006	1.570790	
2.531141	0.000003	1.570793	0.000006	1.570790	
2.532755	0.000003	1.570793	0.000006	1.570790	
2.534368	0.000003	1.570793	0.000006	1.570790	
2.535981	0.000003	1.570793	0.000006	1.570790	
2.537595	0.000003	1.570793	0.000006	1.570790	
2.539376	0.000003	1.570793	0.000006	1.570790	
2.541157	0.000003	1.570793	0.000006	1.570790	
2.542938	0.000003	1.570793	0.000006	1.570790	
2.544719	0.000003	1.570793	0.000006	1.570790	
2.546241	0.000003	1.570793	0.000006	1.570790	
2.547764	0.000003	1.570793	0.000006	1.570790	
2.549286	0.000003	1.570793	0.000006	1.570790	
2.550809	0.000003	1.570793	0.000006	1.570790	
2.552300	0.000003	1.570793	0.000006	1.570790	
2.553792	0.000003	1.570793	0.000006	1.570790	
2.555283	0.000003	1.570793	0.000006	1.570790	
2.556774	0.000003	1.570793	0.000006	1.570790	
2.558248	0.000003	1.570793	0.000006	1.570790	
2.559722	0.000003	1.570793	0.000006	1.570790	
2.561195	0.000003	1.570793	0.000006	1.570790	
2.562669	0.000003	1.570793	0.000006	1.570790	
2.564490	0.000003	1.570793	0.000006	1.570790	
2.566312	0.000003	1.570793	0.000006	1.570790	
2.568133	0.000003	1.570793	0.000006	1.570790	
2.569954	0.000003	1.570793	0.000006	1.570790	
2.571658	0.000003	1.570793	0.000006	1.570790	
2.573363	0.000003	1.570793	0.000006	1.570790	
2.575067	0.000003	1.570793	0.000006	1.570790	
2.576771	0.000003	1.570793	0.000006	1.570790	
2.578333	0.000003	1.570793	0.000006	1.570790	
2.579895	0.000003	1.570793	0.000006	1.570790	
2.581457	0.000003	1.570793	0.000006	1.570790	
2.583019	0.000003	1.570793	0.000006	1.570790	
2.584526	0.000003	1.570793	0.000006	1.570790	
2.586032	0.000003	1.570793	0.000006	1.570790	
2.587538	0.000003	1.570793	0.000006	1.570790	
2.589044	0.000003	1.570793	0.000006	1.570790	
2.590575	0.000003	1.570793	0.000006	1.570790	
2.592105	0.000003	1.570793	0.000006	1.570790	
2.593636	0.000003	1.570793	0.000006	1.570790	
2.595166	0.000003	1.570793	0.000006	1.570790	
2.596493	0.000003	1.570793	0.000006	1.570790	
2.597819	0.000003	1.570793	0.000006	1.570790	
2.599146	0.000003	1.570793	0.000006	1.570790	
2.600472	0.000003	1.570793	0.000006	1.570790	
2.602552	0.000003	1.570793	0.000006	1.570790	
2.604633	0.000003	1.570793	0.000006	1.570790	
2.606713	0.000003	1.570793	0.000006	1.570790	
2.608793	0.000003	1.570793	0.000006	1.570790	
2.610570	0.000003	1.570793	0.000006	1.570790	
2.612348	0.000003	1.570793	0.000006	1.570790	
2.614125	0.000003	1.570793	0.000006	1.570790	
2.615903	0.000003	1.570793	0.000006	1.570790	
2.617684	0.000003	1.570793	0.000005	1.570791	
2.619466	0.000003	1.570793	0.000005	1.570791	
2.621248	0.000003	1.570793	0.000005	1.570791	
2.623030	0.000003	1.570793	0.000005	1.570791	
2.624566	0.000003	1.570793	0.000005	1.570791	
2.626103	0.000003	1.570793	0.000005	1.570791	
2.627640	0.000002	1.570794	0.000004	1.570792	
2.629177	0.000002	1.570794	0.000004	1.570792	
2.630505	0.000002	1.570794	0.000004	1.570792	
2.631832	0.000002	1.570794	0.000004	1.570792	
2.633160	0.000002	1.570794	0.000004	1.570792	
2.634487	0.000002	1.570794	0.000004	1.570792	
2.636260	0.000002	1.570794	0.000004	1.570792	
2.638033	0.000002	1.570794	0.000004	1.570792	
2.639806	0.000002	1.570794	0.000004	1.570792	
2.641579	0.000002	1.570794	0.000004	1.570792	
2.643135	0.000002	1.570794	0.000004	1.570792	
2.644691	0.000002	1.570794	0.000004	1.570792	
2.646247	0.000002	1.570794	0.000004	1.570792	
2.647803	0.000002	1.570794	0.000004	1.570792	
2.649559	0.000002	1.570794	0.000004	1.570792	
2.651315	0.000002	1.570794	0.000004	1.570792	
2.653070	0.000002	1.570794	0.000004	1.570792	
2.654826	0.000002	1.570794	0.000004	1.570792	
2.656374	0.000002	1.570794	0.000004	1.570792	
2.657923	0.000002	1.570794	0.000004	1.570792	
2.659472	0.000002	1.570794	0.000004	1.570792	
2.661020	0.000002	1.570794	0.000004	1.570792	
2.662439	0.000002	1.570794	0.000004	1.570792	
2.663857	0.000002	1.570794	0.000004	1.570792	
2.665276	0.000002	1.570794	0.000004	1.570792	
2.666695	0.000002	1.570794	0.000004	1.570792	
2.668270	0.000002	1.570794	0.000004	1.570792	
2.669846	0.000002	1.570794	0.000004	1.570792	
2.671422	0.000002	1.570794	0.000004	1.570792	
2.672997	0.000002	1.570794	0.000004	1.570792	
2.674573	0.000002	1.570794	0.000004	1.570792	
2.676149	0.000002	1.570794	0.000004	1.570792	
2.677724	0.000002	1.570794	0.000004	1.570792	
2.679300	0.000002	1.570794	0.000004	1.570792	
2.681030	0.000002	1.570794	0.000004	1.570792	
2.682760	0.000002	1.570794	0.000004	1.570792	
2.684490	0.000002	1.570794	0.000004	1.570792	
2.686220	0.000002	1.570794	0.000004	1.570792	
2.687690	0.000002	1.570794	0.000004	1.570792	
2.689159	0.000002	1.570794	0.000004	1.570792	
2.690629	0.000002	1.570794	0.000004	1.570792	
2.692099	0.000002	1.570794	0.000004	1.570792	
2.693645	0.000002	1.570794	0.000004	1.570792	
2.695191	0.000002	1.570794	0.000004	1.570792	
2.696736	0.000002	1.570794	0.000004	1.570792	
2.698282	0.000002	1.570794	0.000004	1.570792	
2.699643	0.000002	1.570794	0.000004	1.570792	
2.701004	0.000002	1.570794	0.000004	1.570792	
2.702366	0.000002	1.570794	0.000004	1.570792	
2.703727	0.000002	1.570794	0.000004	1.570792	
2.704920	0.000002	1.570794	0.000004	1.570792	
2.706113	0.000002	1.570794	0.000004	1.570792	
2.707306	0.000002	1.570794	0.000004	1.570792	
2.708499	0.000002	1.570794	0.000004	1.570792	
2.709804	0.000002	1.570794	0.000004	1.570792	
2.711109	0.000002	1.570794	0.000004	1.570792	
2.712415	0.000002	1.570794	0.000004	1.570792	
2.713720	0.000002	1.570794	0.000004	1.570792	
2.715134	0.000002	1.570794	0.000004	1.570792	
2.716547	0.000002	1.570794	0.000004	1.570792	
2.717961	0.000002	1.570794	0.000004	1.570792	
2.719375	0.000002	1.570794	0.000004	1.570792	
2.720705	0.000002	1.570794	0.000004	1.570792	
2.722035	0.000002	1.570794	0.000004	1.570792	
2.723365	0.000002	1.570794	0.000004	1.570792	
2.724695	0.000002	1.570794	0.000004	1.570792	
2.726173	0.000002	1.570794	0.000004	1.570792	
2.727650	0.000002	1.570794	0.000004	1.570792	
2.729128	0.000002	1.570794	0.000004	1.570792	
2.730605	0.000002	1.570794	0.000004	1.570792	
2.732098	0.000002	1.570794	0.000004	1.570792	
2.733590	0.000002	1.570794	0.000004	1.570792	
2.735082	0.000002	1.570794	0.000004	1.570792	
2.736574	0.000002	1.570794	0.000004	1.570792	
2.737832	0.000002	1.570794	0.000004	1.570792	
2.739089	0.000002	1.570794	0.000004	1.570792	
2.740346	0.000002	1.570794	0.000004	1.570792	
2.741604	0.000002	1.570794	0.000004	1.570792	
2.742861	0.000002	1.570794	0.000004	1.570792	
2.744119	0.000002	1.570794	0.000004	1.570792	
2.745376	0.000002	1.570794	0.000004	1.570792	
2.746633	0.000002	1.570794	0.000004	1.570792	
2.747966	0.000002	1.570794	0.000004	1.570792	
2.749298	0.000002	1.570794	0.000004	1.570792	
2.750631	0.000002	1.570794	0.000004	1.570792	
2.751963	0.000002	1.570794	0.000004	1.570792	
2.753192	0.000002	1.570794	0.000004	1.570792	
2.754420	0.000002	1.570794	0.000004	1.570792	
2.755649	0.000002	1.570794	0.000004	1.570792	
2.756878	0.000002	1.570794	0.000004	1.570792	
2.758154	0.000002	1.570794	0.000004	1.570792	
2.759431	0.000002	1.570794	0.000004	1.570792	
2.760707	0.000002	1.570794	0.000004	1.570792	
2.761984	0.000002	1.570794	0.000004	1.570792	
2.763194	0.000002	1.570794	0.000004	1.570792	
2.764404	0.000002	1.570794	0.000004	1.570792	
2.765614	0.000002	1.570794	0.000004	1.570792	
2.766825	0.000002	1.570794	0.000004	1.570792	
2.768035	0.000002	1.570794	0.000004	1.570792	
2.769245	0.000002	1.570794	0.000004	1.570792	
2.770455	0.000002	1.570794	0.000004	1.570792	
2.771666	0.000002	1.570794	0.000004	1.570792	
2.772806	0.000002	1.570794	0.000004	1.570792	
2.773947	0.000002	1.570794	0.000004	1.570792	
2.775087	0.000002	1.570794	0.000004	1.570792	
2.776228	0.000002	1.570794	0.000004	1.570792	
2.777666	0.000002	1.570794	0.000004	1.570792	
2.779103	0.000002	1.570794	0.000004	1.570792	
2.780541	0.000002	1.570794	0.000004	1.570792	
2.781979	0.000002	1.570794	0.000004	1.570792	
2.783195	0.000002	1.570794	0.000004	1.570792	
2.784411	0.000002	1.570794	0.000004	1.570792	
2.785627	0.000002	1.570794	0.000004	1.570792	
2.786842	0.000002	1.570794	0.000004	1.570792	
2.787980	0.000002	1.570794	0.000004	1.570792	
2.789117	0.000002	1.570794	0.000004	1.570792	
2.790254	0.000002	1.570794	0.000004	1.570792	
2.791391	0.000002	1.570794	0.000004	1.570792	
2.792610	0.000002	1.570794	0.000004	1.570792	
2.793828	0.000002	1.570794	0.000004	1.570792	
2.795047	0.000002	1.570794	0.000004	1.570792	
2.796265	0.000002	1.570794	0.000004	1.570792	
2.797754	0.000002	1.570794	0.000004	1.570792	
2.799243	0.000002	1.570794	0.000004	1.570792	
2.800732	0.000002	1.570794	0.000004	1.570792	
2.802221	0.000002	1.570794	0.000004	1.570792	
2.803457	0.000002	1.570794	0.000004	1.570792	
2.804692	0.000002	1.570794	0.000004	1.570792	
2.805927	0.000002	1.570794	0.000004	1.570792	
2.807162	0.000002	1.570794	0.000004	1.570792	
2.808468	0.000002	1.570794	0.000004	1.570792	
2.809774	0.000002	1.570794	0.000004	1.570792	
2.811080	0.000002	1.570794	0.000004	1.570792	
2.812386	0.000002	1.570794	0.000004	1.570792	
2.813714	0.000002	1.570794	0.000004	1.570792	
2.815041	0.000002	1.570794	0.000004	1.570792	
2.816369	0.000002	1.570794	0.000004	1.570792	
2.817697	0.000002	1.570794	0.000004	1.570792	
2.818934	0.000002	1.570794	0.000004	1.570792	
2.820171	0.000002	1.570794	0.000004	1.570792	
2.821408	0.000002	1.570794	0.000004	1.570792	
2.822645	0.000002	1.570794	0.000004	1.570792	
2.824139	0.000002	1.570794	0.000004	1.570792	
2.825633	0.000002	1.570794	0.000004	1.570792	
2.827128	0.000002	1.570794	0.000004	1.570792	
2.828622	0.000002	1.570794	0.000004	1.570792	
2.830236	0.000002	1.570794	0.000004	1.570792	
2.831850	0.000002	1.570794	0.000004	1.570792	
2.833464	0.000002	1.570794	0.000004	1.570792	
2.835078	0.000002	1.570794	0.000003	1.570793	
2.836505	0.000002	1.570794	0.000003	1.570793	
2.837931	0.000002	1.570794	0.000003	1.570793	
2.839357	0.000002	1.570794	0.000003	1.570793	
2.840784	0.000002	1.570794	0.000003	1.570793	
2.841956	0.000002	1.570794	0.000003	1.570793	
2.843129	0.000002	1.570794	0.000003	1.570793	
2.844301	0.000002	1.570794	0.000003	1.570793	
2.845474	0.000002	1.570794	0.000003	1.570793	
2.847189	0.000001	1.570795	0.000002	1.570794	
2.848903	0.000001	1.570795	0.000002	1.570794	
2.850618	0.000001	1.570795	0.000002	1.570794	
2.852333	0.000001	1.570795	0.000002	1.570794	
2.853725	0.000001	1.570795	0.000002	1.570794	
2.855117	0.000001	1.570795	0.000002	1.570794	
2.856508	0.000001	1.570795	0.000002	1.570794	
2.857900	0.000001	1.570795	0.000002	1.570794	
2.859111	0.000001	1.570795	0.000002	1.570794	
2.860323	0.000001	1.570795	0.000002	1.570794	
2.861534	0.000001	1.570795	0.000002	1.570794	
2.862746	0.000001	1.570795	0.000002	1.570794	
2.863920	0.000001	1.570795	0.000002	1.570794	
2.865095	0.000001	1.570795	0.000002	1.570794	
2.866270	0.000001	1.570795	0.000002	1.570794	
2.867445	0.000001	1.570795	0.000002	1.570794	
2.868667	0.000001	1.570795	0.000002	1.570794	
2.869888	0.000001	1.570795	0.000002	1.570794	
2.871110	0.000001	1.570795	0.000002	1.570794	
2.872331	0.000001	1.570795	0.000002	1.570794	
2.873519	0.000001	1.570795	0.000002	1.570794	
2.874707	0.000001	1.570795	0.000002	1.570794	
2.875895	0.000001	1.570795	0.000002	1.570794	
2.877083	0.000001	1.570795	0.000002	1.570794	
2.878391	0.000001	1.570795	0.000002	1.570794	
2.879699	0.000001	1.570795	0.000002	1.570794	
2.881007	0.000001	1.570795	0.000002	1.570794	
2.882315	0.000001	1.570795	0.000002	1.570794	
2.883573	0.000001	1.570795	0.000002	1.570794	
2.884831	0.000001	1.570795	0.000002	1.570794	
2.886089	0.000001	1.570795	0.000002	1.570794	
2.887347	0.000001	1.570795	0.000002	1.570794	
2.888670	0.000001	1.570795	0.000002	1.570794	
2.889994	0.000001	1.570795	0.000002	1.570794	
2.891317	0.000001	1.570795	0.000002	1.570794	
2.892641	0.000001	1.570795	0.000002	1.570794	
2.893744	0.000001	1.570795	0.000002	1.570794	
2.894847	0.000001	1.570795	0.000002	1.570794	
2.895950	0.000001	1.570795	0.000002	1.570794	
2.897053	0.000001	1.570795	0.000002	1.570794	
2.898299	0.000001	1.570795	0.000002	1.570794	
2.899545	0.000001	1.570795	0.000002	1.570794	
2.900792	0.000001	1.570795	0.000002	1.570794	
2.902038	0.000001	1.570795	0.000002	1.570794	
2.903108	0.000001	1.570795	0.000002	1.570794	
2.904179	0.000001	1.570795	0.000002	1.570794	
2.905249	0.000001	1.570795	0.000002	1.570794	
2.906320	0.000001	1.570795	0.000002	1.570794	
2.907462	0.000001	1.570795	0.000002	1.570794	
2.908605	0.000001	1.570795	0.000002	1.570794	
2.909748	0.000001	1.570795	0.000002	1.570794	
2.910891	0.000001	1.570795	0.000002	1.570794	
2.911880	0.000001	1.570795	0.000002	1.570794	
2.912870	0.000001	1.570795	0.000002	1.570794	
2.913859	0.000001	1.570795	0.000002	1.570794	
2.914849	0.000001	1.570795	0.000002	1.570794	
2.915837	0.000001	1.570795	0.000002	1.570794	
2.916825	0.000001	1.570795	0.000002	1.570794	
2.917813	0.000001	1.570795	0.000002	1.570794	
2.918801	0.000001	1.570795	0.000002	1.570794	
2.919902	0.000001	1.570795	0.000002	1.570794	
2.921003	0.000001	1.570795	0.000002	1.570794	
2.922104	0.000001	1.570795	0.000002	1.570794	
2.923205	0.000001	1.570795	0.000002	1.570794	
2.924303	0.000001	1.570795	0.000002	1.570794	
2.925401	0.000001	1.570795	0.000002	1.570794	
2.926499	0.000001	1.570795	0.000002	1.570794	
2.927597	0.000001	1.570795	0.000002	1.570794	
2.928752	0.000001	1.570795	0.000002	1.570794	
2.929907	0.000001	1.570795	0.000002	1.570794	
2.931062	0.000001	1.570795	0.000002	1.570794	
2.932217	0.000001	1.570795	0.000002	1.570794	
2.933410	0.000001	1.570795	0.000002	1.570794	
2.934603	0.000001	1.570795	0.000002	1.570794	
2.935797	0.000001	1.570795	0.000002	1.570794	
2.936990	0.000001	1.570795	0.000002	1.570794	
2.938143	0.000001	1.570795	0.000002	1.570794	
2.939296	0.000001	1.570795	0.000002	1.570794	
2.940449	0.000001	1.570795	0.000002	1.570794	
2.941602	0.000001	1.570795	0.000002	1.570794	
2.942995	0.000001	1.570795	0.000002	1.570794	
2.944388	0.000001	1.570795	0.000002	1.570794	
2.945780	0.000001	1.570795	0.000002	1.570794	
2.947173	0.000001	1.570795	0.000002	1.570794	
2.948395	0.000001	1.570795	0.000002	1.570794	
2.949618	0.000001	1.570795	0.000002	1.570794	
2.950840	0.000001	1.570795	0.000002	1.570794	
2.952062	0.000001	1.570795	0.000002	1.570794	
2.953199	0.000001	1.570795	0.000002	1.570794	
2.954335	0.000001	1.570795	0.000002	1.570794	
2.955472	0.000001	1.570795	0.000002	1.570794	
2.956608	0.000001	1.570795	0.000002	1.570794	
2.957712	0.000001	1.570795	0.000002	1.570794	
2.958815	0.000001	1.570795	0.000002	1.570794	
2.959918	0.000001	1.570795	0.000002	1.570794	
2.961022	0.000001	1.570795	0.000002	1.570794	
2.962201	0.000001	1.570795	0.000002	1.570794	
2.963380	0.000001	1.570795	0.000002	1.570794	
2.964559	0.000001	1.570795	0.000002	1.570794	
2.965738	0.000001	1.570795	0.000002	1.570794	
2.966838	0.000001	1.570795	0.000002	1.570794	
2.967939	0.000001	1.570795	0.000002	1.570794	
2.969040	0.000001	1.570795	0.000002	1.570794	
2.970141	0.000001	1.570795	0.000002	1.570794	
2.971213	0.000001	1.570795	0.000002	1.570794	
2.972285	0.000001	1.570795	0.000002	1.570794	
2.973357	0.000001	1.570795	0.000002	1.570794	
2.974429	0.000001	1.570795	0.000002	1.570794	
2.975601	0.000001	1.570795	0.000002	1.570794	
2.976774	0.000001	1.570795	0.000002	1.570794	
2.977946	0.000001	1.570795	0.000002	1.570794	
2.979119	0.000001	1.570795	0.000002	1.570794	
2.980551	0.000001	1.570795	0.000002	1.570794	
2.981983	0.000001	1.570795	0.000002	1.570794	
2.983415	0.000001	1.570795	0.000002	1.570794	
2.984847	0.000001	1.570795	0.000002	1.570794	
2.986089	0.000001	1.570795	0.000002	1.570794	
2.987331	0.000001	1.570795	0.000002	1.570794	
2.988573	0.000001	1.570795	0.000002	1.570794	
2.989815	0.000001	1.570795	0.000002	1.570794	
2.990903	0.000001	1.570795	0.000002	1.570794	
2.991991	0.000001	1.570795	0.000002	1.570794	
2.993079	0.000001	1.570795	0.000002	1.570794	
2.994167	0.000001	1.570795	0.000002	1.570794	
2.995134	0.000001	1.570795	0.000002	1.570794	
2.996101	0.000001	1.570795	0.000002	1.570794	
2.997068	0.000001	1.570795	0.000002	1.570794	
2.998035	0.000001	1.570795	0.000002	1.570794	
2.998526	0.000001	1.570795	0.000002	1.570794	
2.999017	0.000001	1.570795	0.000002	1.570794	
2.999509	0.000001	1.570795	0.000002	1.570794	
3.000000	0.000001	1.570795	0.000002	1.570794	
