0.000000	3.792238	-2.221442	6.013679	-4.442883	
0.000003	3.792238	-2.221442	6.013679	-4.442883	
0.000005	3.792238	-2.221442	6.013679	-4.442883	
0.000008	3.792238	-2.221442	6.013679	-4.442883	
0.000010	3.792238	-2.221442	6.013679	-4.442883	
0.000023	3.792238	-2.221442	6.013679	-4.442883	
0.000035	3.792238	-2.221442	6.013679	-4.442883	
0.000048	3.792238	-2.221442	6.013679	-4.442883	
0.000061	3.792238	-2.221442	6.013680	-4.442884	
0.000116	3.792238	-2.221442	6.013680	-4.442884	
0.000171	3.792238	-2.221442	6.013680	-4.442884	
0.000226	3.792238	-2.221442	6.013680	-4.442884	
0.000281	3.792238	-2.221442	6.013680	-4.442884	
0.000509	3.792237	-2.221441	6.013681	-4.442885	
0.000738	3.792236	-2.221440	6.013683	-4.442887	
0.000966	3.792235	-2.221439	6.013686	-4.442890	
0.001195	3.792234	-2.221438	6.013690	-4.442894	
0.001987	3.792226	-2.221430	6.013706	-4.442910	
0.002780	3.792214	-2.221418	6.013730	-4.442934	
0.003572	3.792198	-2.221402	6.013762	-4.442966	
0.004365	3.792177	-2.221381	6.013800	-4.443004	
0.005059	3.792156	-2.221360	6.013840	-4.443044	
0.005753	3.792130	-2.221334	6.013883	-4.443087	
0.006447	3.792101	-2.221305	6.013934	-4.443138	
0.007141	3.792066	-2.221270	6.013988	-4.443192	
0.007836	3.792026	-2.221230	6.014047	-4.443251	
0.008530	3.791981	-2.221185	6.014111	-4.443315	
0.009224	3.791930	-2.221134	6.014178	-4.443382	
0.009919	3.791873	-2.221077	6.014250	-4.443454	
0.012893	3.791558	-2.220762	6.014595	-4.443799	
0.015866	3.791117	-2.220321	6.014989	-4.444193	
0.018840	3.790532	-2.219736	6.015411	-4.444615	
0.021814	3.789788	-2.218992	6.015844	-4.445048	
0.035190	3.784054	-2.213258	6.017404	-4.446608	
0.048566	3.773340	-2.202544	6.017031	-4.446235	
0.061942	3.756240	-2.185444	6.012971	-4.442175	
0.075318	3.731413	-2.160617	6.003497	-4.432701	
0.082072	3.715534	-2.144738	5.996113	-4.425317	
0.088826	3.697206	-2.126410	5.986697	-4.415901	
0.095580	3.676285	-2.105489	5.975040	-4.404244	
0.102334	3.652636	-2.081840	5.960938	-4.390142	
0.104282	3.645289	-2.074493	5.956389	-4.385593	
0.106230	3.637702	-2.066906	5.951615	-4.380819	
0.108178	3.629886	-2.059090	5.946611	-4.375815	
0.110126	3.621861	-2.051065	5.941375	-4.370579	
0.112074	3.613647	-2.042851	5.935901	-4.365105	
0.114022	3.605266	-2.034470	5.930185	-4.359389	
0.115970	3.596735	-2.025939	5.924222	-4.353426	
0.117918	3.588069	-2.017273	5.918009	-4.347213	
0.120380	3.576929	-2.006133	5.909792	-4.338996	
0.122843	3.565577	-1.994781	5.901160	-4.330364	
0.125305	3.554011	-1.983215	5.892105	-4.321309	
0.127767	3.542231	-1.971435	5.882619	-4.311823	
0.140078	3.480135	-1.909339	5.828493	-4.257697	
0.152388	3.412764	-1.841968	5.762609	-4.191813	
0.164699	3.340297	-1.769501	5.684329	-4.113533	
0.177010	3.263037	-1.692241	5.593236	-4.022440	
0.195605	3.138178	-1.567382	5.430937	-3.860141	
0.214201	3.005373	-1.434577	5.239497	-3.668701	
0.232796	2.867129	-1.296333	5.020850	-3.450054	
0.251392	2.726247	-1.155451	4.778222	-3.207426	
0.268387	2.597792	-1.026996	4.539263	-2.968467	
0.285383	2.472155	-0.901359	4.288477	-2.717681	
0.302379	2.351590	-0.780794	4.030763	-2.459967	
0.319374	2.238083	-0.667287	3.771095	-2.200299	
0.336370	2.133460	-0.562664	3.514763	-1.943967	
0.353366	2.038771	-0.467975	3.266576	-1.695780	
0.370361	1.954584	-0.383788	3.030665	-1.459869	
0.387357	1.881394	-0.310598	2.810911	-1.240115	
0.398205	1.840500	-0.269704	2.680644	-1.109848	
0.409053	1.803881	-0.233085	2.558656	-0.987860	
0.419901	1.771319	-0.200523	2.445228	-0.874432	
0.430748	1.742622	-0.171826	2.340674	-0.769878	
0.441596	1.717577	-0.146781	2.245233	-0.674437	
0.452444	1.695824	-0.125028	2.158598	-0.587802	
0.463292	1.677027	-0.106231	2.080433	-0.509637	
0.474140	1.660926	-0.090130	2.010596	-0.439800	
0.484035	1.648375	-0.077579	1.953994	-0.383198	
0.493930	1.637584	-0.066788	1.903578	-0.332782	
0.503825	1.628323	-0.057527	1.858849	-0.288053	
0.513720	1.620422	-0.049626	1.819511	-0.248715	
0.522394	1.614491	-0.043695	1.789223	-0.218427	
0.531068	1.609350	-0.038554	1.762409	-0.191613	
0.539741	1.604892	-0.034096	1.738725	-0.167929	
0.548415	1.601035	-0.030239	1.717937	-0.147141	
0.556152	1.598043	-0.027247	1.701658	-0.130862	
0.563889	1.595412	-0.024616	1.687252	-0.116456	
0.571626	1.593093	-0.022297	1.674514	-0.103718	
0.579363	1.591050	-0.020254	1.663298	-0.092502	
0.586456	1.589392	-0.018596	1.654240	-0.083444	
0.593550	1.587910	-0.017114	1.646201	-0.075405	
0.600643	1.586583	-0.015787	1.639066	-0.068270	
0.607737	1.585392	-0.014596	1.632747	-0.061951	
0.614345	1.584394	-0.013598	1.627530	-0.056734	
0.620953	1.583487	-0.012691	1.622870	-0.052074	
0.627561	1.582662	-0.011866	1.618704	-0.047908	
0.634169	1.581911	-0.011115	1.614982	-0.044186	
0.640386	1.581264	-0.010468	1.611847	-0.041051	
0.646603	1.580669	-0.009873	1.609021	-0.038225	
0.652820	1.580120	-0.009324	1.606467	-0.035671	
0.659037	1.579612	-0.008816	1.604157	-0.033361	
0.664926	1.579167	-0.008371	1.602174	-0.031378	
0.670816	1.578753	-0.007957	1.600365	-0.029569	
0.676705	1.578366	-0.007570	1.598708	-0.027912	
0.682595	1.578004	-0.007208	1.597189	-0.026393	
0.688194	1.577683	-0.006887	1.595863	-0.025067	
0.693793	1.577380	-0.006584	1.594635	-0.023839	
0.699392	1.577095	-0.006299	1.593497	-0.022701	
0.704991	1.576826	-0.006030	1.592438	-0.021642	
0.710337	1.576584	-0.005788	1.591498	-0.020702	
0.715683	1.576354	-0.005558	1.590617	-0.019821	
0.721029	1.576136	-0.005340	1.589789	-0.018993	
0.726375	1.575929	-0.005133	1.589010	-0.018214	
0.731471	1.575741	-0.004945	1.588311	-0.017515	
0.736567	1.575562	-0.004766	1.587649	-0.016853	
0.741663	1.575390	-0.004594	1.587019	-0.016223	
0.746759	1.575226	-0.004430	1.586421	-0.015625	
0.751614	1.575077	-0.004281	1.585880	-0.015084	
0.756468	1.574933	-0.004137	1.585361	-0.014565	
0.761323	1.574795	-0.003999	1.584865	-0.014069	
0.766178	1.574663	-0.003867	1.584390	-0.013594	
0.770844	1.574540	-0.003744	1.583952	-0.013156	
0.775511	1.574422	-0.003626	1.583530	-0.012734	
0.780177	1.574307	-0.003511	1.583123	-0.012327	
0.784844	1.574196	-0.003400	1.582730	-0.011934	
0.789365	1.574093	-0.003297	1.582364	-0.011568	
0.793887	1.573992	-0.003196	1.582008	-0.011212	
0.798409	1.573895	-0.003099	1.581664	-0.010868	
0.802931	1.573800	-0.003004	1.581330	-0.010534	
0.807321	1.573711	-0.002915	1.581016	-0.010220	
0.811712	1.573624	-0.002828	1.580710	-0.009914	
0.816103	1.573539	-0.002743	1.580411	-0.009615	
0.820493	1.573457	-0.002661	1.580121	-0.009325	
0.824768	1.573378	-0.002582	1.579845	-0.009049	
0.829043	1.573301	-0.002505	1.579575	-0.008779	
0.833318	1.573226	-0.002430	1.579311	-0.008515	
0.837593	1.573152	-0.002356	1.579052	-0.008256	
0.841744	1.573082	-0.002286	1.578806	-0.008010	
0.845894	1.573013	-0.002217	1.578564	-0.007768	
0.850044	1.572945	-0.002149	1.578325	-0.007529	
0.854195	1.572878	-0.002082	1.578090	-0.007294	
0.858487	1.572810	-0.002014	1.577851	-0.007055	
0.862779	1.572743	-0.001947	1.577615	-0.006819	
0.867071	1.572676	-0.001880	1.577381	-0.006585	
0.871363	1.572610	-0.001814	1.577149	-0.006353	
0.875820	1.572542	-0.001746	1.576910	-0.006114	
0.880277	1.572474	-0.001678	1.576672	-0.005876	
0.884734	1.572406	-0.001610	1.576434	-0.005638	
0.889191	1.572338	-0.001542	1.576197	-0.005401	
0.892511	1.572288	-0.001492	1.576020	-0.005224	
0.895832	1.572237	-0.001441	1.575842	-0.005046	
0.899152	1.572186	-0.001390	1.575663	-0.004867	
0.902473	1.572135	-0.001339	1.575484	-0.004688	
0.905793	1.572083	-0.001287	1.575302	-0.004506	
0.909113	1.572031	-0.001235	1.575119	-0.004323	
0.912434	1.571978	-0.001182	1.574934	-0.004138	
0.915754	1.571924	-0.001128	1.574746	-0.003950	
0.918778	1.571875	-0.001079	1.574574	-0.003778	
0.921802	1.571825	-0.001029	1.574398	-0.003602	
0.924826	1.571774	-0.000978	1.574220	-0.003424	
0.927850	1.571723	-0.000927	1.574040	-0.003244	
0.929740	1.571690	-0.000894	1.573926	-0.003130	
0.931629	1.571657	-0.000861	1.573811	-0.003015	
0.933518	1.571625	-0.000829	1.573697	-0.002901	
0.935407	1.571592	-0.000796	1.573582	-0.002786	
0.937296	1.571560	-0.000764	1.573469	-0.002673	
0.939185	1.571527	-0.000731	1.573355	-0.002559	
0.941074	1.571495	-0.000699	1.573243	-0.002447	
0.942963	1.571463	-0.000667	1.573130	-0.002334	
0.945490	1.571420	-0.000624	1.572979	-0.002183	
0.948018	1.571376	-0.000580	1.572827	-0.002031	
0.950546	1.571333	-0.000537	1.572675	-0.001879	
0.953074	1.571289	-0.000493	1.572522	-0.001726	
0.955136	1.571253	-0.000457	1.572395	-0.001599	
0.957199	1.571217	-0.000421	1.572268	-0.001472	
0.959261	1.571180	-0.000384	1.572140	-0.001344	
0.961324	1.571144	-0.000348	1.572012	-0.001216	
0.962487	1.571123	-0.000327	1.571939	-0.001143	
0.963650	1.571102	-0.000306	1.571867	-0.001071	
0.964814	1.571082	-0.000286	1.571795	-0.000999	
0.965977	1.571061	-0.000265	1.571723	-0.000927	
0.966877	1.571045	-0.000249	1.571668	-0.000872	
0.967777	1.571030	-0.000234	1.571614	-0.000818	
0.968678	1.571014	-0.000218	1.571560	-0.000764	
0.969578	1.570999	-0.000203	1.571506	-0.000710	
0.970478	1.570984	-0.000188	1.571454	-0.000658	
0.971378	1.570970	-0.000174	1.571403	-0.000607	
0.972278	1.570955	-0.000159	1.571353	-0.000557	
0.973179	1.570941	-0.000145	1.571303	-0.000507	
0.973750	1.570933	-0.000137	1.571274	-0.000478	
0.974322	1.570924	-0.000128	1.571244	-0.000448	
0.974894	1.570916	-0.000120	1.571215	-0.000419	
0.975466	1.570908	-0.000112	1.571187	-0.000391	
0.976038	1.570900	-0.000104	1.571159	-0.000363	
0.976610	1.570892	-0.000096	1.571132	-0.000336	
0.977181	1.570885	-0.000089	1.571106	-0.000310	
0.977753	1.570878	-0.000082	1.571082	-0.000286	
0.978248	1.570872	-0.000076	1.571061	-0.000265	
0.978742	1.570866	-0.000070	1.571040	-0.000244	
0.979237	1.570861	-0.000065	1.571022	-0.000226	
0.979731	1.570855	-0.000059	1.571002	-0.000206	
0.980144	1.570851	-0.000055	1.570988	-0.000192	
0.980556	1.570847	-0.000051	1.570974	-0.000178	
0.980969	1.570843	-0.000047	1.570960	-0.000164	
0.981381	1.570839	-0.000043	1.570947	-0.000151	
0.981732	1.570836	-0.000040	1.570936	-0.000140	
0.982083	1.570834	-0.000038	1.570927	-0.000131	
0.982434	1.570831	-0.000035	1.570917	-0.000121	
0.982785	1.570828	-0.000032	1.570907	-0.000111	
0.983087	1.570826	-0.000030	1.570900	-0.000104	
0.983390	1.570824	-0.000028	1.570893	-0.000097	
0.983692	1.570822	-0.000026	1.570886	-0.000090	
0.983994	1.570820	-0.000024	1.570879	-0.000083	
0.984258	1.570818	-0.000022	1.570873	-0.000077	
0.984522	1.570817	-0.000021	1.570868	-0.000072	
0.984786	1.570815	-0.000019	1.570863	-0.000067	
0.985050	1.570814	-0.000018	1.570858	-0.000062	
0.985283	1.570813	-0.000017	1.570855	-0.000059	
0.985516	1.570812	-0.000016	1.570851	-0.000055	
0.985748	1.570811	-0.000015	1.570847	-0.000051	
0.985981	1.570810	-0.000014	1.570844	-0.000048	
0.986144	1.570809	-0.000013	1.570841	-0.000045	
0.986306	1.570809	-0.000013	1.570839	-0.000043	
0.986469	1.570808	-0.000012	1.570837	-0.000041	
0.986632	1.570807	-0.000011	1.570834	-0.000038	
0.986795	1.570807	-0.000011	1.570833	-0.000037	
0.986958	1.570806	-0.000010	1.570831	-0.000035	
0.987121	1.570806	-0.000010	1.570829	-0.000033	
0.987283	1.570805	-0.000009	1.570827	-0.000031	
0.987427	1.570805	-0.000009	1.570826	-0.000030	
0.987570	1.570805	-0.000009	1.570825	-0.000029	
0.987713	1.570804	-0.000008	1.570824	-0.000028	
0.987857	1.570804	-0.000008	1.570823	-0.000027	
0.988006	1.570804	-0.000008	1.570822	-0.000026	
0.988156	1.570803	-0.000007	1.570821	-0.000025	
0.988305	1.570803	-0.000007	1.570820	-0.000024	
0.988455	1.570803	-0.000007	1.570820	-0.000024	
0.988621	1.570803	-0.000007	1.570819	-0.000023	
0.988787	1.570803	-0.000007	1.570819	-0.000023	
0.988953	1.570803	-0.000007	1.570819	-0.000023	
0.989119	1.570803	-0.000007	1.570818	-0.000022	
0.989304	1.570802	-0.000006	1.570817	-0.000021	
0.989490	1.570802	-0.000006	1.570817	-0.000021	
0.989676	1.570802	-0.000006	1.570817	-0.000021	
0.989861	1.570802	-0.000006	1.570817	-0.000021	
0.990068	1.570802	-0.000006	1.570817	-0.000021	
0.990276	1.570802	-0.000006	1.570816	-0.000020	
0.990483	1.570802	-0.000006	1.570816	-0.000020	
0.990690	1.570802	-0.000006	1.570816	-0.000020	
0.990984	1.570802	-0.000006	1.570816	-0.000020	
0.991279	1.570802	-0.000006	1.570816	-0.000020	
0.991573	1.570802	-0.000006	1.570816	-0.000020	
0.991868	1.570802	-0.000006	1.570816	-0.000020	
0.992176	1.570802	-0.000006	1.570816	-0.000020	
0.992484	1.570802	-0.000006	1.570816	-0.000020	
0.992791	1.570802	-0.000006	1.570816	-0.000020	
0.993099	1.570802	-0.000006	1.570816	-0.000020	
0.993404	1.570802	-0.000006	1.570816	-0.000020	
0.993709	1.570802	-0.000006	1.570816	-0.000020	
0.994014	1.570802	-0.000006	1.570816	-0.000020	
0.994319	1.570802	-0.000006	1.570816	-0.000020	
0.994725	1.570802	-0.000006	1.570816	-0.000020	
0.995130	1.570802	-0.000006	1.570816	-0.000020	
0.995535	1.570802	-0.000006	1.570816	-0.000020	
0.995940	1.570802	-0.000006	1.570816	-0.000020	
0.996361	1.570802	-0.000006	1.570816	-0.000020	
0.996782	1.570802	-0.000006	1.570816	-0.000020	
0.997202	1.570802	-0.000006	1.570816	-0.000020	
0.997623	1.570802	-0.000006	1.570816	-0.000020	
0.998066	1.570802	-0.000006	1.570816	-0.000020	
0.998509	1.570802	-0.000006	1.570816	-0.000020	
0.998951	1.570802	-0.000006	1.570816	-0.000020	
0.999394	1.570802	-0.000006	1.570816	-0.000020	
0.999509	1.570802	-0.000006	1.570816	-0.000020	
0.999623	1.570802	-0.000006	1.570816	-0.000020	
0.999738	1.570802	-0.000006	1.570816	-0.000020	
0.999853	1.570802	-0.000006	1.570816	-0.000020	
0.999884	1.570802	-0.000006	1.570816	-0.000020	
0.999916	1.570802	-0.000006	1.570816	-0.000020	
0.999947	1.570802	-0.000006	1.570816	-0.000020	
0.999979	1.570802	-0.000006	1.570816	-0.000020	
0.999982	1.570802	-0.000006	1.570816	-0.000020	
0.999984	1.570802	-0.000006	1.570816	-0.000020	
0.999987	1.570802	-0.000006	1.570816	-0.000020	
0.999990	1.570802	-0.000006	1.570816	-0.000020	
0.999992	1.570802	-0.000006	1.570816	-0.000020	
0.999994	1.570802	-0.000006	1.570816	-0.000020	
0.999995	1.570802	-0.000006	1.570816	-0.000020	
0.999997	1.570802	-0.000006	1.570816	-0.000020	
0.999998	1.570802	-0.000006	1.570816	-0.000020	
1.000000	1.570802	-0.000006	1.570816	-0.000020	
1.000001	1.570802	-0.000006	1.570816	-0.000020	
1.000003	1.570802	-0.000006	1.570816	-0.000020	
1.000004	1.570802	-0.000006	1.570816	-0.000020	
1.000006	1.570802	-0.000006	1.570816	-0.000020	
1.000007	1.570802	-0.000006	1.570816	-0.000020	
1.000009	1.570802	-0.000006	1.570816	-0.000020	
1.000017	1.570802	-0.000006	1.570816	-0.000020	
1.000024	1.570802	-0.000006	1.570816	-0.000020	
1.000032	1.570802	-0.000006	1.570816	-0.000020	
1.000039	1.570802	-0.000006	1.570816	-0.000020	
1.000070	1.570802	-0.000006	1.570816	-0.000020	
1.000100	1.570802	-0.000006	1.570816	-0.000020	
1.000130	1.570802	-0.000006	1.570816	-0.000020	
1.000160	1.570802	-0.000006	1.570816	-0.000020	
1.000261	1.570802	-0.000006	1.570817	-0.000021	
1.000362	1.570802	-0.000006	1.570817	-0.000021	
1.000464	1.570803	-0.000007	1.570819	-0.000023	
1.000565	1.570803	-0.000007	1.570820	-0.000024	
1.000854	1.570805	-0.000009	1.570826	-0.000030	
1.001143	1.570807	-0.000011	1.570834	-0.000038	
1.001432	1.570810	-0.000014	1.570844	-0.000048	
1.001722	1.570814	-0.000018	1.570858	-0.000062	
1.002889	1.570835	-0.000039	1.570932	-0.000136	
1.004055	1.570868	-0.000072	1.571046	-0.000250	
1.005222	1.570911	-0.000115	1.571197	-0.000401	
1.006389	1.570965	-0.000169	1.571387	-0.000591	
1.011258	1.571308	-0.000512	1.572587	-0.001791	
1.016128	1.571840	-0.001044	1.574449	-0.003653	
1.020997	1.572560	-0.001764	1.576970	-0.006174	
1.025867	1.573468	-0.002672	1.580148	-0.009352	
1.028050	1.573935	-0.003139	1.581785	-0.010989	
1.030233	1.574441	-0.003645	1.583554	-0.012758	
1.032415	1.574983	-0.004187	1.585453	-0.014657	
1.034598	1.575563	-0.004767	1.587484	-0.016688	
1.036781	1.576181	-0.005385	1.589644	-0.018848	
1.038964	1.576828	-0.006032	1.591936	-0.021140	
1.041147	1.577483	-0.006687	1.594355	-0.023559	
1.043329	1.578130	-0.007334	1.596906	-0.026110	
1.045228	1.578675	-0.007879	1.599227	-0.028431	
1.047126	1.579206	-0.008410	1.601647	-0.030851	
1.049024	1.579721	-0.008925	1.604163	-0.033367	
1.050923	1.580217	-0.009421	1.606775	-0.035979	
1.060415	1.582360	-0.011564	1.621269	-0.050473	
1.069907	1.583773	-0.012977	1.638104	-0.067308	
1.079399	1.584226	-0.013430	1.657204	-0.086408	
1.088891	1.583494	-0.012698	1.678475	-0.107679	
1.107043	1.577997	-0.007201	1.724763	-0.153967	
1.125195	1.565827	0.004969	1.777486	-0.206690	
1.143347	1.545597	0.025199	1.835237	-0.264441	
1.161499	1.516133	0.054663	1.896284	-0.325488	
1.173439	1.491253	0.079543	1.936817	-0.366021	
1.185379	1.461774	0.109022	1.974494	-0.403698	
1.197319	1.427582	0.143214	2.006705	-0.435909	
1.209260	1.388648	0.182148	2.031972	-0.461176	
1.221200	1.345024	0.225772	2.049865	-0.479069	
1.233140	1.296860	0.273936	2.061492	-0.490696	
1.245080	1.244400	0.326396	2.068612	-0.497816	
1.257021	1.187979	0.382817	2.073090	-0.502294	
1.269744	1.123969	0.446827	2.076401	-0.505605	
1.282467	1.056564	0.514232	2.077896	-0.507100	
1.295191	0.986471	0.584325	2.077122	-0.506326	
1.307914	0.914463	0.656333	2.073701	-0.502905	
1.327639	0.801043	0.769753	2.062401	-0.491605	
1.347364	0.688297	0.882499	2.043595	-0.472799	
1.367089	0.579276	0.991520	2.017595	-0.446799	
1.386813	0.476841	1.093955	1.985016	-0.414220	
1.396479	0.429844	1.140952	1.966983	-0.396187	
1.406144	0.385247	1.185549	1.947904	-0.377108	
1.415810	0.343213	1.227583	1.927999	-0.357203	
1.425476	0.303901	1.266895	1.907502	-0.336706	
1.435141	0.267440	1.303356	1.886654	-0.315858	
1.444807	0.233841	1.336955	1.865688	-0.294892	
1.454472	0.203088	1.367708	1.844822	-0.274026	
1.464138	0.175182	1.395614	1.824276	-0.253480	
1.473569	0.150681	1.420115	1.804745	-0.233949	
1.482999	0.128729	1.442067	1.785862	-0.215066	
1.492430	0.109182	1.461614	1.767745	-0.196949	
1.501860	0.091941	1.478855	1.750526	-0.179730	
1.509727	0.079244	1.491552	1.736934	-0.166138	
1.517594	0.067946	1.502850	1.724061	-0.153265	
1.525461	0.057942	1.512854	1.711922	-0.141126	
1.533328	0.049144	1.521652	1.700543	-0.129747	
1.536523	0.045896	1.524900	1.696144	-0.125348	
1.539718	0.042823	1.527973	1.691869	-0.121073	
1.542913	0.039919	1.530877	1.687720	-0.116924	
1.546108	0.037178	1.533618	1.683696	-0.112900	
1.549303	0.034593	1.536203	1.679795	-0.108999	
1.552498	0.032157	1.538639	1.676016	-0.105220	
1.555693	0.029864	1.540932	1.672358	-0.101562	
1.558888	0.027708	1.543088	1.668819	-0.098023	
1.562443	0.025462	1.545334	1.665046	-0.094250	
1.565998	0.023370	1.547426	1.661398	-0.090602	
1.569553	0.021423	1.549373	1.657681	-0.086885	
1.573109	0.019614	1.551182	1.653591	-0.082795	
1.576664	0.017935	1.552861	1.648811	-0.078015	
1.580219	0.016380	1.554416	1.643141	-0.072345	
1.583774	0.014940	1.555856	1.636382	-0.065586	
1.587329	0.013609	1.557187	1.628356	-0.057560	
1.591636	0.012135	1.558661	1.616722	-0.045926	
1.595942	0.010800	1.559996	1.602794	-0.031998	
1.600248	0.009594	1.561202	1.586394	-0.015598	
1.604554	0.008508	1.562288	1.567363	0.003433	
1.610167	0.007257	1.563539	1.538398	0.032398	
1.615779	0.006175	1.564621	1.504550	0.066246	
1.621391	0.005243	1.565553	1.465672	0.105124	
1.627004	0.004447	1.566349	1.421648	0.149148	
1.633673	0.003659	1.567137	1.362544	0.208252	
1.640343	0.003019	1.567777	1.296058	0.274738	
1.647013	0.002508	1.568288	1.222230	0.348566	
1.653683	0.002108	1.568688	1.141154	0.429642	
1.656142	0.001986	1.568810	1.109462	0.461334	
1.658601	0.001875	1.568921	1.076812	0.493984	
1.661060	0.001777	1.569019	1.043218	0.527578	
1.663519	0.001689	1.569107	1.008686	0.562110	
1.665978	0.001612	1.569184	0.973251	0.597545	
1.668438	0.001544	1.569252	0.936882	0.633914	
1.670897	0.001485	1.569311	0.899587	0.671209	
1.673356	0.001434	1.569362	0.861495	0.709301	
1.676852	0.001375	1.569421	0.806609	0.764187	
1.680349	0.001330	1.569466	0.751724	0.819072	
1.683845	0.001298	1.569498	0.697574	0.873222	
1.687342	0.001276	1.569520	0.644803	0.925993	
1.691241	0.001263	1.569533	0.588210	0.982586	
1.695140	0.001260	1.569536	0.534363	1.036433	
1.699039	0.001265	1.569531	0.483545	1.087251	
1.702938	0.001275	1.569521	0.436007	1.134789	
1.706437	0.001289	1.569507	0.396273	1.174523	
1.709935	0.001304	1.569492	0.359267	1.211529	
1.713434	0.001322	1.569474	0.324949	1.245847	
1.716933	0.001340	1.569456	0.293276	1.277520	
1.720450	0.001358	1.569438	0.264032	1.306764	
1.723968	0.001375	1.569421	0.237261	1.333535	
1.727486	0.001391	1.569405	0.212830	1.357966	
1.731003	0.001406	1.569390	0.190622	1.380174	
1.734420	0.001418	1.569378	0.171062	1.399734	
1.737836	0.001428	1.569368	0.153335	1.417461	
1.741252	0.001436	1.569360	0.137309	1.433487	
1.744668	0.001442	1.569354	0.122863	1.447933	
1.747972	0.001446	1.569350	0.110284	1.460512	
1.751276	0.001447	1.569349	0.098958	1.471838	
1.754580	0.001446	1.569350	0.088778	1.482018	
1.757884	0.001444	1.569352	0.079652	1.491144	
1.760745	0.001440	1.569356	0.072528	1.498268	
1.763606	0.001435	1.569361	0.066067	1.504729	
1.766468	0.001428	1.569368	0.060213	1.510583	
1.769329	0.001421	1.569375	0.054917	1.515879	
1.773202	0.001409	1.569387	0.048556	1.522240	
1.777074	0.001395	1.569401	0.043021	1.527775	
1.780947	0.001379	1.569417	0.038212	1.532584	
1.784820	0.001363	1.569433	0.034043	1.536753	
1.789025	0.001343	1.569453	0.030152	1.540644	
1.793230	0.001322	1.569474	0.026830	1.543966	
1.797436	0.001301	1.569495	0.023996	1.546800	
1.801641	0.001279	1.569517	0.021582	1.549214	
1.806116	0.001254	1.569542	0.019407	1.551389	
1.810590	0.001229	1.569567	0.017575	1.553221	
1.815065	0.001204	1.569592	0.016028	1.554768	
1.819539	0.001179	1.569617	0.014723	1.556073	
1.824001	0.001155	1.569641	0.013623	1.557173	
1.828463	0.001130	1.569666	0.012689	1.558107	
1.832925	0.001105	1.569691	0.011892	1.558904	
1.837387	0.001081	1.569715	0.011210	1.559586	
1.841874	0.001057	1.569739	0.010621	1.560175	
1.846361	0.001034	1.569762	0.010111	1.560685	
1.850848	0.001011	1.569785	0.009667	1.561129	
1.855335	0.000988	1.569808	0.009276	1.561520	
1.859424	0.000968	1.569828	0.008959	1.561837	
1.863513	0.000948	1.569848	0.008673	1.562123	
1.867601	0.000929	1.569867	0.008414	1.562382	
1.871690	0.000910	1.569886	0.008176	1.562620	
1.875890	0.000891	1.569905	0.007951	1.562845	
1.880090	0.000873	1.569923	0.007743	1.563053	
1.884290	0.000855	1.569941	0.007549	1.563247	
1.888489	0.000837	1.569959	0.007366	1.563430	
1.892294	0.000822	1.569974	0.007210	1.563586	
1.896098	0.000807	1.569989	0.007062	1.563734	
1.899902	0.000792	1.570004	0.006919	1.563877	
1.903707	0.000778	1.570018	0.006783	1.564013	
1.907721	0.000763	1.570033	0.006645	1.564151	
1.911735	0.000748	1.570048	0.006511	1.564285	
1.915750	0.000734	1.570062	0.006383	1.564413	
1.919764	0.000720	1.570076	0.006258	1.564538	
1.923655	0.000707	1.570089	0.006141	1.564655	
1.927545	0.000694	1.570102	0.006028	1.564768	
1.931436	0.000682	1.570114	0.005918	1.564878	
1.935327	0.000670	1.570126	0.005811	1.564985	
1.938836	0.000659	1.570137	0.005716	1.565080	
1.942346	0.000648	1.570148	0.005623	1.565173	
1.945856	0.000638	1.570158	0.005533	1.565263	
1.949366	0.000628	1.570168	0.005445	1.565351	
1.952860	0.000618	1.570178	0.005359	1.565437	
1.956355	0.000609	1.570187	0.005276	1.565520	
1.959850	0.000599	1.570197	0.005193	1.565603	
1.963345	0.000590	1.570206	0.005113	1.565683	
1.966791	0.000581	1.570215	0.005035	1.565761	
1.970237	0.000572	1.570224	0.004958	1.565838	
1.973683	0.000563	1.570233	0.004883	1.565913	
1.977129	0.000555	1.570241	0.004810	1.565986	
1.980476	0.000547	1.570249	0.004740	1.566056	
1.983824	0.000539	1.570257	0.004672	1.566124	
1.987171	0.000531	1.570265	0.004604	1.566192	
1.990519	0.000524	1.570272	0.004539	1.566257	
1.993809	0.000516	1.570280	0.004474	1.566322	
1.997099	0.000509	1.570287	0.004412	1.566384	
2.000389	0.000502	1.570294	0.004351	1.566445	
2.003679	0.000495	1.570301	0.004290	1.566506	
2.007029	0.000488	1.570308	0.004230	1.566566	
2.010378	0.000481	1.570315	0.004170	1.566626	
2.013728	0.000475	1.570321	0.004113	1.566683	
2.017078	0.000468	1.570328	0.004055	1.566741	
2.020265	0.000462	1.570334	0.004002	1.566794	
2.023451	0.000456	1.570340	0.003950	1.566846	
2.026638	0.000450	1.570346	0.003898	1.566898	
2.029825	0.000444	1.570352	0.003847	1.566949	
2.032618	0.000439	1.570357	0.003803	1.566993	
2.035411	0.000434	1.570362	0.003760	1.567036	
2.038204	0.000429	1.570367	0.003718	1.567078	
2.040997	0.000424	1.570372	0.003675	1.567121	
2.043732	0.000419	1.570377	0.003635	1.567161	
2.046468	0.000415	1.570381	0.003595	1.567201	
2.049203	0.000410	1.570386	0.003556	1.567240	
2.051938	0.000406	1.570390	0.003517	1.567279	
2.055043	0.000401	1.570395	0.003474	1.567322	
2.058148	0.000396	1.570400	0.003431	1.567365	
2.061253	0.000391	1.570405	0.003389	1.567407	
2.064358	0.000386	1.570410	0.003347	1.567449	
2.067106	0.000382	1.570414	0.003311	1.567485	
2.069853	0.000378	1.570418	0.003276	1.567520	
2.072600	0.000374	1.570422	0.003241	1.567555	
2.075348	0.000370	1.570426	0.003206	1.567590	
2.078001	0.000366	1.570430	0.003173	1.567623	
2.080654	0.000362	1.570434	0.003140	1.567656	
2.083307	0.000359	1.570437	0.003109	1.567687	
2.085960	0.000355	1.570441	0.003077	1.567719	
2.089051	0.000351	1.570445	0.003041	1.567755	
2.092141	0.000347	1.570449	0.003005	1.567791	
2.095232	0.000343	1.570453	0.002970	1.567826	
2.098322	0.000339	1.570457	0.002935	1.567861	
2.101203	0.000335	1.570461	0.002903	1.567893	
2.104084	0.000331	1.570465	0.002871	1.567925	
2.106964	0.000328	1.570468	0.002840	1.567956	
2.109845	0.000324	1.570472	0.002809	1.567987	
2.112495	0.000321	1.570475	0.002781	1.568015	
2.115145	0.000318	1.570478	0.002754	1.568042	
2.117795	0.000315	1.570481	0.002727	1.568069	
2.120445	0.000312	1.570484	0.002700	1.568096	
2.123088	0.000308	1.570488	0.002673	1.568123	
2.125731	0.000305	1.570491	0.002647	1.568149	
2.128375	0.000302	1.570494	0.002621	1.568175	
2.131018	0.000300	1.570496	0.002597	1.568199	
2.133847	0.000296	1.570500	0.002569	1.568227	
2.136677	0.000293	1.570503	0.002542	1.568254	
2.139506	0.000290	1.570506	0.002516	1.568280	
2.142336	0.000287	1.570509	0.002490	1.568306	
2.144784	0.000285	1.570511	0.002469	1.568327	
2.147233	0.000282	1.570514	0.002447	1.568349	
2.149681	0.000280	1.570516	0.002425	1.568371	
2.152130	0.000277	1.570519	0.002404	1.568392	
2.154740	0.000275	1.570521	0.002382	1.568414	
2.157350	0.000272	1.570524	0.002359	1.568437	
2.159961	0.000270	1.570526	0.002338	1.568458	
2.162571	0.000267	1.570529	0.002315	1.568481	
2.164802	0.000265	1.570531	0.002297	1.568499	
2.167033	0.000263	1.570533	0.002279	1.568517	
2.169264	0.000261	1.570535	0.002261	1.568535	
2.171495	0.000259	1.570537	0.002243	1.568553	
2.174127	0.000256	1.570540	0.002222	1.568574	
2.176758	0.000254	1.570542	0.002202	1.568594	
2.179390	0.000252	1.570544	0.002182	1.568614	
2.182021	0.000249	1.570547	0.002161	1.568635	
2.184513	0.000247	1.570549	0.002142	1.568654	
2.187004	0.000245	1.570551	0.002124	1.568672	
2.189496	0.000243	1.570553	0.002106	1.568690	
2.191987	0.000241	1.570555	0.002088	1.568708	
2.194306	0.000239	1.570557	0.002071	1.568725	
2.196625	0.000237	1.570559	0.002054	1.568742	
2.198944	0.000235	1.570561	0.002038	1.568758	
2.201263	0.000233	1.570563	0.002021	1.568775	
2.203822	0.000231	1.570565	0.002004	1.568792	
2.206380	0.000229	1.570567	0.001986	1.568810	
2.208939	0.000227	1.570569	0.001969	1.568827	
2.211498	0.000225	1.570571	0.001952	1.568844	
2.213572	0.000224	1.570572	0.001939	1.568857	
2.215646	0.000222	1.570574	0.001925	1.568871	
2.217720	0.000221	1.570575	0.001912	1.568884	
2.219795	0.000219	1.570577	0.001898	1.568898	
2.221761	0.000218	1.570578	0.001886	1.568910	
2.223727	0.000216	1.570580	0.001873	1.568923	
2.225693	0.000215	1.570581	0.001861	1.568935	
2.227659	0.000213	1.570583	0.001848	1.568948	
2.229625	0.000212	1.570584	0.001836	1.568960	
2.231591	0.000210	1.570586	0.001823	1.568973	
2.233558	0.000209	1.570587	0.001812	1.568984	
2.235524	0.000208	1.570588	0.001800	1.568996	
2.237764	0.000206	1.570590	0.001787	1.569009	
2.240003	0.000205	1.570591	0.001774	1.569022	
2.242243	0.000203	1.570593	0.001760	1.569036	
2.244483	0.000202	1.570594	0.001748	1.569048	
2.246667	0.000200	1.570596	0.001735	1.569061	
2.248851	0.000199	1.570597	0.001722	1.569074	
2.251035	0.000197	1.570599	0.001710	1.569086	
2.253219	0.000196	1.570600	0.001698	1.569098	
2.255693	0.000194	1.570602	0.001684	1.569112	
2.258168	0.000193	1.570603	0.001671	1.569125	
2.260643	0.000191	1.570605	0.001657	1.569139	
2.263118	0.000190	1.570606	0.001644	1.569152	
2.265313	0.000188	1.570608	0.001632	1.569164	
2.267508	0.000187	1.570609	0.001620	1.569176	
2.269703	0.000186	1.570610	0.001609	1.569187	
2.271898	0.000184	1.570612	0.001597	1.569199	
2.273999	0.000183	1.570613	0.001586	1.569210	
2.276100	0.000182	1.570614	0.001576	1.569220	
2.278201	0.000181	1.570615	0.001566	1.569230	
2.280302	0.000179	1.570617	0.001554	1.569242	
2.282595	0.000178	1.570618	0.001543	1.569253	
2.284888	0.000177	1.570619	0.001532	1.569264	
2.287181	0.000175	1.570621	0.001520	1.569276	
2.289474	0.000174	1.570622	0.001510	1.569286	
2.291731	0.000173	1.570623	0.001499	1.569297	
2.293988	0.000172	1.570624	0.001488	1.569308	
2.296245	0.000170	1.570626	0.001477	1.569319	
2.298502	0.000169	1.570627	0.001467	1.569329	
2.300753	0.000168	1.570628	0.001457	1.569339	
2.303005	0.000167	1.570629	0.001446	1.569350	
2.305257	0.000166	1.570630	0.001436	1.569360	
2.307508	0.000165	1.570631	0.001426	1.569370	
2.309538	0.000163	1.570633	0.001416	1.569380	
2.311567	0.000162	1.570634	0.001408	1.569388	
2.313596	0.000161	1.570635	0.001399	1.569397	
2.315626	0.000160	1.570636	0.001390	1.569406	
2.317822	0.000159	1.570637	0.001380	1.569416	
2.320018	0.000158	1.570638	0.001371	1.569425	
2.322214	0.000157	1.570639	0.001362	1.569434	
2.324410	0.000156	1.570640	0.001353	1.569443	
2.326546	0.000155	1.570641	0.001344	1.569452	
2.328681	0.000154	1.570642	0.001335	1.569461	
2.330817	0.000153	1.570643	0.001326	1.569470	
2.332952	0.000152	1.570644	0.001318	1.569478	
2.335113	0.000151	1.570645	0.001309	1.569487	
2.337275	0.000150	1.570646	0.001300	1.569496	
2.339436	0.000149	1.570647	0.001292	1.569504	
2.341598	0.000148	1.570648	0.001283	1.569513	
2.343703	0.000147	1.570649	0.001275	1.569521	
2.345809	0.000146	1.570650	0.001267	1.569529	
2.347915	0.000145	1.570651	0.001259	1.569537	
2.350020	0.000144	1.570652	0.001250	1.569546	
2.352205	0.000143	1.570653	0.001242	1.569554	
2.354391	0.000142	1.570654	0.001234	1.569562	
2.356576	0.000141	1.570655	0.001226	1.569570	
2.358761	0.000141	1.570655	0.001219	1.569577	
2.360755	0.000140	1.570656	0.001211	1.569585	
2.362749	0.000139	1.570657	0.001204	1.569592	
2.364743	0.000138	1.570658	0.001196	1.569600	
2.366737	0.000137	1.570659	0.001189	1.569607	
2.368679	0.000136	1.570660	0.001182	1.569614	
2.370621	0.000136	1.570660	0.001176	1.569620	
2.372563	0.000135	1.570661	0.001169	1.569627	
2.374505	0.000134	1.570662	0.001162	1.569634	
2.376541	0.000133	1.570663	0.001155	1.569641	
2.378577	0.000132	1.570664	0.001148	1.569648	
2.380613	0.000132	1.570664	0.001142	1.569654	
2.382649	0.000131	1.570665	0.001134	1.569662	
2.384353	0.000130	1.570666	0.001128	1.569668	
2.386058	0.000130	1.570666	0.001123	1.569673	
2.387762	0.000129	1.570667	0.001117	1.569679	
2.389466	0.000128	1.570668	0.001111	1.569685	
2.391171	0.000128	1.570668	0.001107	1.569689	
2.392875	0.000127	1.570669	0.001101	1.569695	
2.394579	0.000126	1.570670	0.001095	1.569701	
2.396283	0.000126	1.570670	0.001090	1.569706	
2.398177	0.000125	1.570671	0.001084	1.569712	
2.400070	0.000124	1.570672	0.001077	1.569719	
2.401963	0.000124	1.570672	0.001072	1.569724	
2.403856	0.000123	1.570673	0.001066	1.569730	
2.405501	0.000122	1.570674	0.001060	1.569736	
2.407147	0.000122	1.570674	0.001056	1.569740	
2.408792	0.000121	1.570675	0.001051	1.569745	
2.410437	0.000121	1.570675	0.001046	1.569750	
2.412634	0.000120	1.570676	0.001039	1.569757	
2.414832	0.000119	1.570677	0.001032	1.569764	
2.417029	0.000118	1.570678	0.001026	1.569770	
2.419226	0.000118	1.570678	0.001020	1.569776	
2.421138	0.000117	1.570679	0.001014	1.569782	
2.423050	0.000116	1.570680	0.001008	1.569788	
2.424961	0.000116	1.570680	0.001003	1.569793	
2.426873	0.000115	1.570681	0.000997	1.569799	
2.428902	0.000114	1.570682	0.000991	1.569805	
2.430932	0.000114	1.570682	0.000986	1.569810	
2.432961	0.000113	1.570683	0.000980	1.569816	
2.434991	0.000112	1.570684	0.000974	1.569822	
2.436789	0.000112	1.570684	0.000970	1.569826	
2.438587	0.000111	1.570685	0.000964	1.569832	
2.440385	0.000111	1.570685	0.000960	1.569836	
2.442184	0.000110	1.570686	0.000955	1.569841	
2.443814	0.000110	1.570686	0.000951	1.569845	
2.445445	0.000109	1.570687	0.000946	1.569850	
2.447076	0.000109	1.570687	0.000942	1.569854	
2.448706	0.000108	1.570688	0.000937	1.569859	
2.450413	0.000108	1.570688	0.000933	1.569863	
2.452120	0.000107	1.570689	0.000928	1.569868	
2.453827	0.000107	1.570689	0.000925	1.569871	
2.455534	0.000106	1.570690	0.000920	1.569876	
2.457793	0.000105	1.570691	0.000914	1.569882	
2.460052	0.000105	1.570691	0.000908	1.569888	
2.462310	0.000104	1.570692	0.000902	1.569894	
2.464569	0.000103	1.570693	0.000896	1.569900	
2.466735	0.000103	1.570693	0.000892	1.569904	
2.468900	0.000102	1.570694	0.000886	1.569910	
2.471065	0.000102	1.570694	0.000881	1.569915	
2.473230	0.000101	1.570695	0.000876	1.569920	
2.475178	0.000100	1.570696	0.000870	1.569926	
2.477126	0.000100	1.570696	0.000866	1.569930	
2.479074	0.000099	1.570697	0.000861	1.569935	
2.481022	0.000099	1.570697	0.000857	1.569939	
2.482607	0.000098	1.570698	0.000853	1.569943	
2.484192	0.000098	1.570698	0.000850	1.569946	
2.485777	0.000098	1.570698	0.000846	1.569950	
2.487363	0.000097	1.570699	0.000842	1.569954	
2.489079	0.000097	1.570699	0.000839	1.569957	
2.490796	0.000096	1.570700	0.000834	1.569962	
2.492512	0.000096	1.570700	0.000831	1.569965	
2.494229	0.000095	1.570701	0.000826	1.569970	
2.495927	0.000095	1.570701	0.000823	1.569973	
2.497624	0.000094	1.570702	0.000818	1.569978	
2.499322	0.000094	1.570702	0.000815	1.569981	
2.501020	0.000094	1.570702	0.000812	1.569984	
2.502728	0.000093	1.570703	0.000807	1.569989	
2.504437	0.000093	1.570703	0.000804	1.569992	
2.506145	0.000092	1.570704	0.000800	1.569996	
2.507853	0.000092	1.570704	0.000797	1.569999	
2.509525	0.000092	1.570704	0.000793	1.570003	
2.511196	0.000091	1.570705	0.000789	1.570007	
2.512868	0.000091	1.570705	0.000786	1.570010	
2.514539	0.000090	1.570706	0.000782	1.570014	
2.516041	0.000090	1.570706	0.000779	1.570017	
2.517543	0.000090	1.570706	0.000777	1.570019	
2.519045	0.000089	1.570707	0.000773	1.570023	
2.520547	0.000089	1.570707	0.000770	1.570026	
2.522103	0.000088	1.570708	0.000766	1.570030	
2.523659	0.000088	1.570708	0.000763	1.570033	
2.525215	0.000088	1.570708	0.000761	1.570035	
2.526771	0.000087	1.570709	0.000757	1.570039	
2.528505	0.000087	1.570709	0.000754	1.570042	
2.530240	0.000087	1.570709	0.000751	1.570045	
2.531974	0.000086	1.570710	0.000747	1.570049	
2.533708	0.000086	1.570710	0.000744	1.570052	
2.535281	0.000085	1.570711	0.000740	1.570056	
2.536853	0.000085	1.570711	0.000737	1.570059	
2.538426	0.000085	1.570711	0.000734	1.570062	
2.539999	0.000084	1.570712	0.000731	1.570065	
2.541571	0.000084	1.570712	0.000728	1.570068	
2.543144	0.000084	1.570712	0.000725	1.570071	
2.544716	0.000083	1.570713	0.000722	1.570074	
2.546289	0.000083	1.570713	0.000719	1.570077	
2.547798	0.000083	1.570713	0.000717	1.570079	
2.549308	0.000082	1.570714	0.000713	1.570083	
2.550817	0.000082	1.570714	0.000711	1.570085	
2.552327	0.000082	1.570714	0.000708	1.570088	
2.553934	0.000081	1.570715	0.000704	1.570092	
2.555542	0.000081	1.570715	0.000702	1.570094	
2.557149	0.000081	1.570715	0.000699	1.570097	
2.558757	0.000080	1.570716	0.000696	1.570100	
2.560364	0.000080	1.570716	0.000693	1.570103	
2.561971	0.000080	1.570716	0.000691	1.570105	
2.563579	0.000079	1.570717	0.000687	1.570109	
2.565186	0.000079	1.570717	0.000684	1.570112	
2.566832	0.000079	1.570717	0.000682	1.570114	
2.568478	0.000078	1.570718	0.000678	1.570118	
2.570124	0.000078	1.570718	0.000676	1.570120	
2.571770	0.000078	1.570718	0.000673	1.570123	
2.573267	0.000077	1.570719	0.000670	1.570126	
2.574765	0.000077	1.570719	0.000668	1.570128	
2.576262	0.000077	1.570719	0.000665	1.570131	
2.577759	0.000076	1.570720	0.000662	1.570134	
2.579452	0.000076	1.570720	0.000660	1.570136	
2.581146	0.000076	1.570720	0.000657	1.570139	
2.582839	0.000075	1.570721	0.000654	1.570142	
2.584532	0.000075	1.570721	0.000651	1.570145	
2.585945	0.000075	1.570721	0.000649	1.570147	
2.587359	0.000075	1.570721	0.000647	1.570149	
2.588772	0.000074	1.570722	0.000644	1.570152	
2.590185	0.000074	1.570722	0.000642	1.570154	
2.591676	0.000074	1.570722	0.000640	1.570156	
2.593167	0.000073	1.570723	0.000636	1.570160	
2.594658	0.000073	1.570723	0.000634	1.570162	
2.596149	0.000073	1.570723	0.000632	1.570164	
2.597714	0.000073	1.570723	0.000630	1.570166	
2.599280	0.000072	1.570724	0.000627	1.570169	
2.600845	0.000072	1.570724	0.000625	1.570171	
2.602410	0.000072	1.570724	0.000622	1.570174	
2.604120	0.000071	1.570725	0.000619	1.570177	
2.605830	0.000071	1.570725	0.000617	1.570179	
2.607540	0.000071	1.570725	0.000614	1.570182	
2.609250	0.000071	1.570725	0.000612	1.570184	
2.610751	0.000070	1.570726	0.000609	1.570187	
2.612252	0.000070	1.570726	0.000607	1.570189	
2.613753	0.000070	1.570726	0.000605	1.570191	
2.615254	0.000069	1.570727	0.000602	1.570194	
2.617082	0.000069	1.570727	0.000599	1.570197	
2.618909	0.000069	1.570727	0.000597	1.570199	
2.620737	0.000069	1.570727	0.000595	1.570201	
2.622565	0.000068	1.570728	0.000591	1.570205	
2.624177	0.000068	1.570728	0.000589	1.570207	
2.625790	0.000068	1.570728	0.000587	1.570209	
2.627403	0.000067	1.570729	0.000584	1.570212	
2.629015	0.000067	1.570729	0.000582	1.570214	
2.630460	0.000067	1.570729	0.000580	1.570216	
2.631905	0.000067	1.570729	0.000578	1.570218	
2.633350	0.000066	1.570730	0.000575	1.570221	
2.634796	0.000066	1.570730	0.000573	1.570223	
2.636744	0.000066	1.570730	0.000571	1.570225	
2.638693	0.000066	1.570730	0.000569	1.570227	
2.640641	0.000065	1.570731	0.000565	1.570231	
2.642590	0.000065	1.570731	0.000563	1.570233	
2.644042	0.000065	1.570731	0.000561	1.570235	
2.645494	0.000064	1.570732	0.000558	1.570238	
2.646946	0.000064	1.570732	0.000556	1.570240	
2.648398	0.000064	1.570732	0.000555	1.570241	
2.649850	0.000064	1.570732	0.000553	1.570243	
2.651302	0.000064	1.570732	0.000551	1.570245	
2.652754	0.000063	1.570733	0.000548	1.570248	
2.654206	0.000063	1.570733	0.000547	1.570249	
2.655826	0.000063	1.570733	0.000545	1.570251	
2.657445	0.000063	1.570733	0.000543	1.570253	
2.659065	0.000062	1.570734	0.000540	1.570256	
2.660684	0.000062	1.570734	0.000538	1.570258	
2.662151	0.000062	1.570734	0.000536	1.570260	
2.663618	0.000062	1.570734	0.000535	1.570261	
2.665085	0.000061	1.570735	0.000532	1.570264	
2.666552	0.000061	1.570735	0.000530	1.570266	
2.668077	0.000061	1.570735	0.000529	1.570267	
2.669602	0.000061	1.570735	0.000527	1.570269	
2.671128	0.000061	1.570735	0.000525	1.570271	
2.672653	0.000060	1.570736	0.000522	1.570274	
2.674058	0.000060	1.570736	0.000521	1.570275	
2.675462	0.000060	1.570736	0.000519	1.570277	
2.676867	0.000060	1.570736	0.000518	1.570278	
2.678272	0.000060	1.570736	0.000516	1.570280	
2.679640	0.000059	1.570737	0.000514	1.570282	
2.681009	0.000059	1.570737	0.000512	1.570284	
2.682378	0.000059	1.570737	0.000511	1.570285	
2.683747	0.000059	1.570737	0.000509	1.570287	
2.685246	0.000059	1.570737	0.000508	1.570288	
2.686744	0.000058	1.570738	0.000505	1.570291	
2.688243	0.000058	1.570738	0.000503	1.570293	
2.689742	0.000058	1.570738	0.000502	1.570294	
2.691141	0.000058	1.570738	0.000500	1.570296	
2.692540	0.000057	1.570739	0.000498	1.570298	
2.693939	0.000057	1.570739	0.000496	1.570300	
2.695338	0.000057	1.570739	0.000495	1.570301	
2.696809	0.000057	1.570739	0.000493	1.570303	
2.698279	0.000057	1.570739	0.000492	1.570304	
2.699750	0.000057	1.570739	0.000490	1.570306	
2.701221	0.000056	1.570740	0.000488	1.570308	
2.702824	0.000056	1.570740	0.000486	1.570310	
2.704428	0.000056	1.570740	0.000484	1.570312	
2.706031	0.000056	1.570740	0.000483	1.570313	
2.707634	0.000055	1.570741	0.000480	1.570316	
2.708958	0.000055	1.570741	0.000479	1.570317	
2.710282	0.000055	1.570741	0.000478	1.570318	
2.711605	0.000055	1.570741	0.000476	1.570320	
2.712929	0.000055	1.570741	0.000475	1.570321	
2.714483	0.000055	1.570741	0.000473	1.570323	
2.716038	0.000054	1.570742	0.000471	1.570325	
2.717592	0.000054	1.570742	0.000469	1.570327	
2.719146	0.000054	1.570742	0.000468	1.570328	
2.720549	0.000054	1.570742	0.000466	1.570330	
2.721952	0.000054	1.570742	0.000465	1.570331	
2.723355	0.000053	1.570743	0.000463	1.570333	
2.724758	0.000053	1.570743	0.000461	1.570335	
2.726160	0.000053	1.570743	0.000460	1.570336	
2.727563	0.000053	1.570743	0.000459	1.570337	
2.728966	0.000053	1.570743	0.000457	1.570339	
2.730369	0.000053	1.570743	0.000456	1.570340	
2.731703	0.000052	1.570744	0.000454	1.570342	
2.733038	0.000052	1.570744	0.000453	1.570343	
2.734372	0.000052	1.570744	0.000451	1.570345	
2.735707	0.000052	1.570744	0.000450	1.570346	
2.737041	0.000052	1.570744	0.000449	1.570347	
2.738376	0.000052	1.570744	0.000448	1.570348	
2.739710	0.000051	1.570745	0.000445	1.570351	
2.741044	0.000051	1.570745	0.000444	1.570352	
2.742209	0.000051	1.570745	0.000443	1.570353	
2.743374	0.000051	1.570745	0.000442	1.570354	
2.744538	0.000051	1.570745	0.000441	1.570355	
2.745703	0.000051	1.570745	0.000440	1.570356	
2.746867	0.000051	1.570745	0.000439	1.570357	
2.748032	0.000050	1.570746	0.000437	1.570359	
2.749197	0.000050	1.570746	0.000436	1.570360	
2.750361	0.000050	1.570746	0.000435	1.570361	
2.751891	0.000050	1.570746	0.000433	1.570363	
2.753420	0.000050	1.570746	0.000432	1.570364	
2.754950	0.000050	1.570746	0.000431	1.570365	
2.756480	0.000049	1.570747	0.000428	1.570368	
2.757893	0.000049	1.570747	0.000427	1.570369	
2.759307	0.000049	1.570747	0.000426	1.570370	
2.760721	0.000049	1.570747	0.000425	1.570371	
2.762134	0.000049	1.570747	0.000423	1.570373	
2.763441	0.000049	1.570747	0.000422	1.570374	
2.764747	0.000049	1.570747	0.000421	1.570375	
2.766053	0.000048	1.570748	0.000419	1.570377	
2.767359	0.000048	1.570748	0.000418	1.570378	
2.768647	0.000048	1.570748	0.000417	1.570379	
2.769935	0.000048	1.570748	0.000416	1.570380	
2.771223	0.000048	1.570748	0.000415	1.570381	
2.772510	0.000048	1.570748	0.000414	1.570382	
2.773658	0.000048	1.570748	0.000413	1.570383	
2.774807	0.000047	1.570749	0.000411	1.570385	
2.775955	0.000047	1.570749	0.000410	1.570386	
2.777103	0.000047	1.570749	0.000409	1.570387	
2.778368	0.000047	1.570749	0.000408	1.570388	
2.779633	0.000047	1.570749	0.000407	1.570389	
2.780897	0.000047	1.570749	0.000406	1.570390	
2.782162	0.000047	1.570749	0.000405	1.570391	
2.783427	0.000047	1.570749	0.000404	1.570392	
2.784692	0.000046	1.570750	0.000402	1.570394	
2.785957	0.000046	1.570750	0.000401	1.570395	
2.787222	0.000046	1.570750	0.000400	1.570396	
2.788298	0.000046	1.570750	0.000399	1.570397	
2.789374	0.000046	1.570750	0.000398	1.570398	
2.790450	0.000046	1.570750	0.000397	1.570399	
2.791526	0.000046	1.570750	0.000396	1.570400	
2.792739	0.000046	1.570750	0.000395	1.570401	
2.793952	0.000045	1.570751	0.000393	1.570403	
2.795166	0.000045	1.570751	0.000392	1.570404	
2.796379	0.000045	1.570751	0.000391	1.570405	
2.797621	0.000045	1.570751	0.000390	1.570406	
2.798863	0.000045	1.570751	0.000389	1.570407	
2.800105	0.000045	1.570751	0.000388	1.570408	
2.801347	0.000045	1.570751	0.000387	1.570409	
2.802725	0.000045	1.570751	0.000386	1.570410	
2.804102	0.000044	1.570752	0.000384	1.570412	
2.805479	0.000044	1.570752	0.000383	1.570413	
2.806857	0.000044	1.570752	0.000382	1.570414	
2.808057	0.000044	1.570752	0.000381	1.570415	
2.809258	0.000044	1.570752	0.000380	1.570416	
2.810459	0.000044	1.570752	0.000380	1.570416	
2.811659	0.000044	1.570752	0.000379	1.570417	
2.812941	0.000044	1.570752	0.000378	1.570418	
2.814222	0.000043	1.570753	0.000376	1.570420	
2.815503	0.000043	1.570753	0.000375	1.570421	
2.816785	0.000043	1.570753	0.000374	1.570422	
2.818270	0.000043	1.570753	0.000373	1.570423	
2.819754	0.000043	1.570753	0.000372	1.570424	
2.821239	0.000043	1.570753	0.000371	1.570425	
2.822724	0.000043	1.570753	0.000370	1.570426	
2.824113	0.000042	1.570754	0.000367	1.570429	
2.825502	0.000042	1.570754	0.000366	1.570430	
2.826892	0.000042	1.570754	0.000365	1.570431	
2.828281	0.000042	1.570754	0.000365	1.570431	
2.829408	0.000042	1.570754	0.000364	1.570432	
2.830535	0.000042	1.570754	0.000363	1.570433	
2.831663	0.000042	1.570754	0.000362	1.570434	
2.832790	0.000042	1.570754	0.000361	1.570435	
2.833918	0.000042	1.570754	0.000361	1.570435	
2.835045	0.000041	1.570755	0.000359	1.570437	
2.836172	0.000041	1.570755	0.000358	1.570438	
2.837300	0.000041	1.570755	0.000357	1.570439	
2.838624	0.000041	1.570755	0.000356	1.570440	
2.839948	0.000041	1.570755	0.000355	1.570441	
2.841271	0.000041	1.570755	0.000354	1.570442	
2.842595	0.000041	1.570755	0.000353	1.570443	
2.843919	0.000041	1.570755	0.000353	1.570443	
2.845243	0.000041	1.570755	0.000352	1.570444	
2.846567	0.000040	1.570756	0.000350	1.570446	
2.847891	0.000040	1.570756	0.000349	1.570447	
2.849044	0.000040	1.570756	0.000348	1.570448	
2.850197	0.000040	1.570756	0.000347	1.570449	
2.851351	0.000040	1.570756	0.000347	1.570449	
2.852504	0.000040	1.570756	0.000346	1.570450	
2.853706	0.000040	1.570756	0.000345	1.570451	
2.854909	0.000040	1.570756	0.000344	1.570452	
2.856112	0.000040	1.570756	0.000343	1.570453	
2.857315	0.000039	1.570757	0.000342	1.570454	
2.858495	0.000039	1.570757	0.000341	1.570455	
2.859675	0.000039	1.570757	0.000340	1.570456	
2.860855	0.000039	1.570757	0.000339	1.570457	
2.862035	0.000039	1.570757	0.000338	1.570458	
2.863215	0.000039	1.570757	0.000338	1.570458	
2.864396	0.000039	1.570757	0.000337	1.570459	
2.865576	0.000039	1.570757	0.000336	1.570460	
2.866756	0.000039	1.570757	0.000335	1.570461	
2.867862	0.000039	1.570757	0.000335	1.570461	
2.868969	0.000038	1.570758	0.000333	1.570463	
2.870076	0.000038	1.570758	0.000332	1.570464	
2.871182	0.000038	1.570758	0.000332	1.570464	
2.872201	0.000038	1.570758	0.000331	1.570465	
2.873219	0.000038	1.570758	0.000330	1.570466	
2.874238	0.000038	1.570758	0.000330	1.570466	
2.875256	0.000038	1.570758	0.000329	1.570467	
2.876782	0.000038	1.570758	0.000328	1.570468	
2.878308	0.000038	1.570758	0.000327	1.570469	
2.879834	0.000038	1.570758	0.000326	1.570470	
2.881359	0.000037	1.570759	0.000324	1.570472	
2.882885	0.000037	1.570759	0.000323	1.570473	
2.884410	0.000037	1.570759	0.000322	1.570474	
2.885935	0.000037	1.570759	0.000321	1.570475	
2.887460	0.000037	1.570759	0.000320	1.570476	
2.888726	0.000037	1.570759	0.000320	1.570476	
2.889992	0.000037	1.570759	0.000319	1.570477	
2.891257	0.000037	1.570759	0.000318	1.570478	
2.892523	0.000037	1.570759	0.000317	1.570479	
2.893903	0.000036	1.570760	0.000316	1.570480	
2.895283	0.000036	1.570760	0.000315	1.570481	
2.896662	0.000036	1.570760	0.000314	1.570482	
2.898042	0.000036	1.570760	0.000313	1.570483	
2.899514	0.000036	1.570760	0.000312	1.570484	
2.900987	0.000036	1.570760	0.000311	1.570485	
2.902459	0.000036	1.570760	0.000311	1.570485	
2.903932	0.000036	1.570760	0.000310	1.570486	
2.905149	0.000036	1.570760	0.000309	1.570487	
2.906367	0.000036	1.570760	0.000308	1.570488	
2.907585	0.000035	1.570761	0.000307	1.570489	
2.908803	0.000035	1.570761	0.000306	1.570490	
2.910020	0.000035	1.570761	0.000305	1.570491	
2.911238	0.000035	1.570761	0.000304	1.570492	
2.912455	0.000035	1.570761	0.000304	1.570492	
2.913672	0.000035	1.570761	0.000303	1.570493	
2.914933	0.000035	1.570761	0.000302	1.570494	
2.916193	0.000035	1.570761	0.000302	1.570494	
2.917453	0.000035	1.570761	0.000301	1.570495	
2.918713	0.000035	1.570761	0.000300	1.570496	
2.919909	0.000035	1.570761	0.000300	1.570496	
2.921105	0.000034	1.570762	0.000298	1.570498	
2.922301	0.000034	1.570762	0.000297	1.570499	
2.923496	0.000034	1.570762	0.000297	1.570499	
2.924738	0.000034	1.570762	0.000296	1.570500	
2.925979	0.000034	1.570762	0.000295	1.570501	
2.927220	0.000034	1.570762	0.000295	1.570501	
2.928461	0.000034	1.570762	0.000294	1.570502	
2.929552	0.000034	1.570762	0.000293	1.570503	
2.930642	0.000034	1.570762	0.000293	1.570503	
2.931732	0.000034	1.570762	0.000292	1.570504	
2.932823	0.000034	1.570762	0.000291	1.570505	
2.933968	0.000034	1.570762	0.000291	1.570505	
2.935113	0.000033	1.570763	0.000289	1.570507	
2.936258	0.000033	1.570763	0.000289	1.570507	
2.937403	0.000033	1.570763	0.000288	1.570508	
2.938572	0.000033	1.570763	0.000287	1.570509	
2.939742	0.000033	1.570763	0.000287	1.570509	
2.940912	0.000033	1.570763	0.000286	1.570510	
2.942082	0.000033	1.570763	0.000286	1.570510	
2.943249	0.000033	1.570763	0.000285	1.570511	
2.944415	0.000033	1.570763	0.000284	1.570512	
2.945582	0.000033	1.570763	0.000284	1.570512	
2.946748	0.000033	1.570763	0.000283	1.570513	
2.947931	0.000033	1.570763	0.000283	1.570513	
2.949114	0.000032	1.570764	0.000281	1.570515	
2.950297	0.000032	1.570764	0.000280	1.570516	
2.951480	0.000032	1.570764	0.000280	1.570516	
2.952663	0.000032	1.570764	0.000279	1.570517	
2.953846	0.000032	1.570764	0.000278	1.570518	
2.955029	0.000032	1.570764	0.000278	1.570518	
2.956213	0.000032	1.570764	0.000277	1.570519	
2.957395	0.000032	1.570764	0.000277	1.570519	
2.958578	0.000032	1.570764	0.000276	1.570520	
2.959761	0.000032	1.570764	0.000275	1.570521	
2.960943	0.000032	1.570764	0.000275	1.570521	
2.962127	0.000032	1.570764	0.000274	1.570522	
2.963311	0.000032	1.570764	0.000274	1.570522	
2.964495	0.000031	1.570765	0.000272	1.570524	
2.965679	0.000031	1.570765	0.000272	1.570524	
2.966874	0.000031	1.570765	0.000271	1.570525	
2.968069	0.000031	1.570765	0.000270	1.570526	
2.969264	0.000031	1.570765	0.000270	1.570526	
2.970459	0.000031	1.570765	0.000269	1.570527	
2.971723	0.000031	1.570765	0.000269	1.570527	
2.972987	0.000031	1.570765	0.000268	1.570528	
2.974251	0.000031	1.570765	0.000267	1.570529	
2.975514	0.000031	1.570765	0.000267	1.570529	
2.976650	0.000031	1.570765	0.000266	1.570530	
2.977785	0.000031	1.570765	0.000266	1.570530	
2.978920	0.000031	1.570765	0.000265	1.570531	
2.980055	0.000030	1.570766	0.000264	1.570532	
2.981071	0.000030	1.570766	0.000263	1.570533	
2.982087	0.000030	1.570766	0.000263	1.570533	
2.983102	0.000030	1.570766	0.000262	1.570534	
2.984118	0.000030	1.570766	0.000262	1.570534	
2.985125	0.000030	1.570766	0.000261	1.570535	
2.986132	0.000030	1.570766	0.000261	1.570535	
2.987139	0.000030	1.570766	0.000260	1.570536	
2.988146	0.000030	1.570766	0.000260	1.570536	
2.989333	0.000030	1.570766	0.000259	1.570537	
2.990520	0.000030	1.570766	0.000259	1.570537	
2.991706	0.000030	1.570766	0.000258	1.570538	
2.992893	0.000030	1.570766	0.000257	1.570539	
2.993945	0.000030	1.570766	0.000257	1.570539	
2.994997	0.000030	1.570766	0.000257	1.570539	
2.996048	0.000029	1.570767	0.000255	1.570541	
2.997100	0.000029	1.570767	0.000255	1.570541	
2.997825	0.000029	1.570767	0.000254	1.570542	
2.998550	0.000029	1.570767	0.000254	1.570542	
2.999275	0.000029	1.570767	0.000254	1.570542	
3.000000	0.000029	1.570767	0.000253	1.570543	
