0.000000	3.792238	2.221441	
0.001000	3.790015	2.223662	
0.002000	3.787790	2.225880	
0.003000	3.785563	2.228096	
0.004000	3.783334	2.230309	
0.005000	3.781103	2.232521	
0.006000	3.778869	2.234730	
0.007000	3.776633	2.236937	
0.008000	3.774395	2.239142	
0.009000	3.772155	2.241344	
0.010000	3.769913	2.243544	
0.011000	3.767668	2.245742	
0.012000	3.765421	2.247938	
0.013000	3.763172	2.250132	
0.014000	3.760921	2.252323	
0.015000	3.758668	2.254512	
0.016000	3.756412	2.256699	
0.017000	3.754154	2.258883	
0.018000	3.751894	2.261065	
0.019000	3.749632	2.263245	
0.020000	3.747368	2.265423	
0.021000	3.745101	2.267599	
0.022000	3.742832	2.269772	
0.023000	3.740562	2.271943	
0.024000	3.738289	2.274111	
0.025000	3.736013	2.276278	
0.026000	3.733736	2.278442	
0.027000	3.731456	2.280603	
0.028000	3.729175	2.282763	
0.029000	3.726891	2.284920	
0.030000	3.724605	2.287075	
0.031000	3.722317	2.289228	
0.032000	3.720027	2.291378	
0.033000	3.717734	2.293526	
0.034000	3.715439	2.295672	
0.035000	3.713143	2.297816	
0.036000	3.710844	2.299957	
0.037000	3.708543	2.302096	
0.038000	3.706240	2.304232	
0.039000	3.703934	2.306367	
0.040000	3.701627	2.308499	
0.041000	3.699317	2.310628	
0.042000	3.697006	2.312756	
0.043000	3.694692	2.314881	
0.044000	3.692376	2.317003	
0.045000	3.690058	2.319124	
0.046000	3.687738	2.321242	
0.047000	3.685415	2.323358	
0.048000	3.683091	2.325471	
0.049000	3.680764	2.327582	
0.050000	3.678436	2.329691	
0.051000	3.676105	2.331798	
0.052000	3.673772	2.333902	
0.053000	3.671437	2.336003	
0.054000	3.669100	2.338103	
0.055000	3.666761	2.340200	
0.056000	3.664420	2.342295	
0.057000	3.662076	2.344387	
0.058000	3.659731	2.346477	
0.059000	3.657383	2.348565	
0.060000	3.655034	2.350651	
0.061000	3.652682	2.352734	
0.062000	3.650328	2.354814	
0.063000	3.647973	2.356893	
0.064000	3.645615	2.358969	
0.065000	3.643255	2.361042	
0.066000	3.640893	2.363114	
0.067000	3.638528	2.365183	
0.068000	3.636162	2.367249	
0.069000	3.633794	2.369313	
0.070000	3.631424	2.371375	
0.071000	3.629051	2.373435	
0.072000	3.626677	2.375492	
0.073000	3.624300	2.377546	
0.074000	3.621922	2.379599	
0.075000	3.619541	2.381649	
0.076000	3.617158	2.383696	
0.077000	3.614774	2.385741	
0.078000	3.612387	2.387784	
0.079000	3.609998	2.389824	
0.080000	3.607607	2.391862	
0.081000	3.605214	2.393898	
0.082000	3.602819	2.395931	
0.083000	3.600422	2.397962	
0.084000	3.598023	2.399991	
0.085000	3.595622	2.402017	
0.086000	3.593219	2.404040	
0.087000	3.590814	2.406061	
0.088000	3.588407	2.408080	
0.089000	3.585998	2.410097	
0.090000	3.583587	2.412111	
0.091000	3.581174	2.414122	
0.092000	3.578759	2.416131	
0.093000	3.576342	2.418138	
0.094000	3.573923	2.420142	
0.095000	3.571501	2.422144	
0.096000	3.569078	2.424144	
0.097000	3.566653	2.426141	
0.098000	3.564226	2.428136	
0.099000	3.561797	2.430128	
0.100000	3.559366	2.432118	
0.101000	3.556933	2.434105	
0.102000	3.554498	2.436090	
0.103000	3.552060	2.438072	
0.104000	3.549621	2.440052	
0.105000	3.547180	2.442030	
0.106000	3.544737	2.444005	
0.107000	3.542292	2.445978	
0.108000	3.539845	2.447948	
0.109000	3.537396	2.449916	
0.110000	3.534946	2.451881	
0.111000	3.532493	2.453844	
0.112000	3.530038	2.455805	
0.113000	3.527581	2.457763	
0.114000	3.525122	2.459718	
0.115000	3.522662	2.461671	
0.116000	3.520199	2.463622	
0.117000	3.517734	2.465570	
0.118000	3.515268	2.467516	
0.119000	3.512799	2.469459	
0.120000	3.510329	2.471400	
0.121000	3.507857	2.473338	
0.122000	3.505382	2.475274	
0.123000	3.502906	2.477207	
0.124000	3.500428	2.479138	
0.125000	3.497948	2.481067	
0.126000	3.495466	2.482993	
0.127000	3.492982	2.484916	
0.128000	3.490496	2.486837	
0.129000	3.488008	2.488755	
0.130000	3.485518	2.490671	
0.131000	3.483027	2.492585	
0.132000	3.480533	2.494496	
0.133000	3.478038	2.496404	
0.134000	3.475540	2.498310	
0.135000	3.473041	2.500214	
0.136000	3.470540	2.502115	
0.137000	3.468037	2.504013	
0.138000	3.465532	2.505909	
0.139000	3.463025	2.507803	
0.140000	3.460516	2.509694	
0.141000	3.458006	2.511582	
0.142000	3.455493	2.513468	
0.143000	3.452979	2.515352	
0.144000	3.450462	2.517233	
0.145000	3.447944	2.519111	
0.146000	3.445424	2.520987	
0.147000	3.442902	2.522860	
0.148000	3.440379	2.524731	
0.149000	3.437853	2.526599	
0.150000	3.435325	2.528465	
0.151000	3.432796	2.530328	
0.152000	3.430265	2.532189	
0.153000	3.427732	2.534047	
0.154000	3.425197	2.535903	
0.155000	3.422660	2.537756	
0.156000	3.420121	2.539607	
0.157000	3.417581	2.541455	
0.158000	3.415038	2.543300	
0.159000	3.412494	2.545143	
0.160000	3.409948	2.546984	
0.161000	3.407400	2.548822	
0.162000	3.404850	2.550657	
0.163000	3.402299	2.552490	
0.164000	3.399745	2.554320	
0.165000	3.397190	2.556148	
0.166000	3.394633	2.557973	
0.167000	3.392074	2.559795	
0.168000	3.389513	2.561615	
0.169000	3.386951	2.563433	
0.170000	3.384387	2.565248	
0.171000	3.381820	2.567060	
0.172000	3.379252	2.568870	
0.173000	3.376683	2.570677	
0.174000	3.374111	2.572481	
0.175000	3.371538	2.574283	
0.176000	3.368962	2.576083	
0.177000	3.366385	2.577880	
0.178000	3.363807	2.579674	
0.179000	3.361226	2.581466	
0.180000	3.358644	2.583255	
0.181000	3.356060	2.585041	
0.182000	3.353474	2.586825	
0.183000	3.350886	2.588607	
0.184000	3.348296	2.590386	
0.185000	3.345705	2.592162	
0.186000	3.343112	2.593935	
0.187000	3.340517	2.595706	
0.188000	3.337921	2.597475	
0.189000	3.335322	2.599241	
0.190000	3.332722	2.601004	
0.191000	3.330120	2.602765	
0.192000	3.327517	2.604523	
0.193000	3.324911	2.606278	
0.194000	3.322304	2.608031	
0.195000	3.319695	2.609781	
0.196000	3.317085	2.611529	
0.197000	3.314472	2.613274	
0.198000	3.311858	2.615016	
0.199000	3.309242	2.616756	
0.200000	3.306625	2.618493	
0.201000	3.304005	2.620227	
0.202000	3.301384	2.621959	
0.203000	3.298761	2.623689	
0.204000	3.296137	2.625415	
0.205000	3.293510	2.627139	
0.206000	3.290882	2.628861	
0.207000	3.288253	2.630579	
0.208000	3.285621	2.632296	
0.209000	3.282988	2.634009	
0.210000	3.280353	2.635720	
0.211000	3.277717	2.637428	
0.212000	3.275078	2.639134	
0.213000	3.272438	2.640837	
0.214000	3.269797	2.642537	
0.215000	3.267153	2.644235	
0.216000	3.264508	2.645930	
0.217000	3.261862	2.647622	
0.218000	3.259213	2.649312	
0.219000	3.256563	2.650999	
0.220000	3.253911	2.652683	
0.221000	3.251258	2.654365	
0.222000	3.248602	2.656044	
0.223000	3.245945	2.657721	
0.224000	3.243287	2.659395	
0.225000	3.240627	2.661066	
0.226000	3.237965	2.662734	
0.227000	3.235301	2.664400	
0.228000	3.232636	2.666063	
0.229000	3.229969	2.667724	
0.230000	3.227301	2.669382	
0.231000	3.224630	2.671037	
0.232000	3.221958	2.672689	
0.233000	3.219285	2.674339	
0.234000	3.216610	2.675986	
0.235000	3.213933	2.677631	
0.236000	3.211254	2.679273	
0.237000	3.208574	2.680912	
0.238000	3.205893	2.682548	
0.239000	3.203209	2.684182	
0.240000	3.200524	2.685813	
0.241000	3.197838	2.687441	
0.242000	3.195149	2.689067	
0.243000	3.192460	2.690690	
0.244000	3.189768	2.692310	
0.245000	3.187075	2.693928	
0.246000	3.184380	2.695543	
0.247000	3.181684	2.697155	
0.248000	3.178986	2.698765	
0.249000	3.176286	2.700372	
0.250000	3.173585	2.701976	
0.251000	3.170882	2.703577	
0.252000	3.168178	2.705176	
0.253000	3.165472	2.706772	
0.254000	3.162764	2.708365	
0.255000	3.160055	2.709956	
0.256000	3.157345	2.711544	
0.257000	3.154632	2.713129	
0.258000	3.151918	2.714711	
0.259000	3.149203	2.716291	
0.260000	3.146486	2.717868	
0.261000	3.143767	2.719443	
0.262000	3.141047	2.721014	
0.263000	3.138325	2.722583	
0.264000	3.135602	2.724149	
0.265000	3.132877	2.725713	
0.266000	3.130150	2.727273	
0.267000	3.127422	2.728831	
0.268000	3.124693	2.730387	
0.269000	3.121961	2.731939	
0.270000	3.119229	2.733489	
0.271000	3.116494	2.735036	
0.272000	3.113759	2.736580	
0.273000	3.111021	2.738122	
0.274000	3.108282	2.739661	
0.275000	3.105542	2.741197	
0.276000	3.102800	2.742730	
0.277000	3.100056	2.744261	
0.278000	3.097311	2.745789	
0.279000	3.094565	2.747314	
0.280000	3.091817	2.748836	
0.281000	3.089067	2.750356	
0.282000	3.086316	2.751873	
0.283000	3.083563	2.753387	
0.284000	3.080809	2.754898	
0.285000	3.078054	2.756407	
0.286000	3.075297	2.757913	
0.287000	3.072538	2.759416	
0.288000	3.069778	2.760916	
0.289000	3.067016	2.762414	
0.290000	3.064253	2.763909	
0.291000	3.061488	2.765401	
0.292000	3.058722	2.766890	
0.293000	3.055954	2.768377	
0.294000	3.053185	2.769861	
0.295000	3.050415	2.771342	
0.296000	3.047643	2.772820	
0.297000	3.044869	2.774295	
0.298000	3.042094	2.775768	
0.299000	3.039318	2.777238	
0.300000	3.036540	2.778705	
0.301000	3.033760	2.780169	
0.302000	3.030979	2.781631	
0.303000	3.028197	2.783090	
0.304000	3.025413	2.784546	
0.305000	3.022628	2.785999	
0.306000	3.019841	2.787449	
0.307000	3.017053	2.788897	
0.308000	3.014263	2.790342	
0.309000	3.011472	2.791784	
0.310000	3.008680	2.793223	
0.311000	3.005886	2.794660	
0.312000	3.003090	2.796093	
0.313000	3.000294	2.797524	
0.314000	2.997495	2.798952	
0.315000	2.994696	2.800378	
0.316000	2.991895	2.801800	
0.317000	2.989092	2.803220	
0.318000	2.986288	2.804637	
0.319000	2.983483	2.806051	
0.320000	2.980676	2.807462	
0.321000	2.977868	2.808871	
0.322000	2.975058	2.810276	
0.323000	2.972247	2.811679	
0.324000	2.969435	2.813079	
0.325000	2.966621	2.814476	
0.326000	2.963806	2.815871	
0.327000	2.960989	2.817262	
0.328000	2.958171	2.818651	
0.329000	2.955352	2.820037	
0.330000	2.952531	2.821420	
0.331000	2.949709	2.822801	
0.332000	2.946886	2.824178	
0.333000	2.944061	2.825553	
0.334000	2.941235	2.826925	
0.335000	2.938407	2.828294	
0.336000	2.935578	2.829660	
0.337000	2.932748	2.831023	
0.338000	2.929916	2.832384	
0.339000	2.927083	2.833741	
0.340000	2.924249	2.835096	
0.341000	2.921413	2.836448	
0.342000	2.918576	2.837798	
0.343000	2.915737	2.839144	
0.344000	2.912897	2.840487	
0.345000	2.910056	2.841828	
0.346000	2.907214	2.843166	
0.347000	2.904370	2.844501	
0.348000	2.901525	2.845833	
0.349000	2.898678	2.847162	
0.350000	2.895830	2.848489	
0.351000	2.892981	2.849813	
0.352000	2.890131	2.851133	
0.353000	2.887279	2.852451	
0.354000	2.884426	2.853766	
0.355000	2.881571	2.855078	
0.356000	2.878716	2.856388	
0.357000	2.875859	2.857694	
0.358000	2.873000	2.858998	
0.359000	2.870141	2.860299	
0.360000	2.867280	2.861597	
0.361000	2.864418	2.862892	
0.362000	2.861554	2.864184	
0.363000	2.858689	2.865473	
0.364000	2.855823	2.866760	
0.365000	2.852956	2.868043	
0.366000	2.850087	2.869324	
0.367000	2.847217	2.870602	
0.368000	2.844346	2.871877	
0.369000	2.841473	2.873149	
0.370000	2.838599	2.874418	
0.371000	2.835724	2.875685	
0.372000	2.832848	2.876948	
0.373000	2.829970	2.878209	
0.374000	2.827092	2.879466	
0.375000	2.824212	2.880721	
0.376000	2.821330	2.881973	
0.377000	2.818448	2.883222	
0.378000	2.815564	2.884468	
0.379000	2.812679	2.885712	
0.380000	2.809792	2.886952	
0.381000	2.806905	2.888190	
0.382000	2.804016	2.889424	
0.383000	2.801126	2.890656	
0.384000	2.798235	2.891885	
0.385000	2.795342	2.893111	
0.386000	2.792448	2.894334	
0.387000	2.789553	2.895554	
0.388000	2.786657	2.896772	
0.389000	2.783760	2.897986	
0.390000	2.780861	2.899198	
0.391000	2.777962	2.900406	
0.392000	2.775061	2.901612	
0.393000	2.772158	2.902815	
0.394000	2.769255	2.904015	
0.395000	2.766350	2.905212	
0.396000	2.763444	2.906406	
0.397000	2.760537	2.907597	
0.398000	2.757629	2.908785	
0.399000	2.754720	2.909971	
0.400000	2.751809	2.911153	
0.401000	2.748898	2.912333	
0.402000	2.745985	2.913509	
0.403000	2.743071	2.914683	
0.404000	2.740155	2.915854	
0.405000	2.737239	2.917022	
0.406000	2.734321	2.918187	
0.407000	2.731403	2.919349	
0.408000	2.728483	2.920508	
0.409000	2.725562	2.921664	
0.410000	2.722639	2.922818	
0.411000	2.719716	2.923968	
0.412000	2.716791	2.925115	
0.413000	2.713866	2.926260	
0.414000	2.710939	2.927401	
0.415000	2.708011	2.928540	
0.416000	2.705082	2.929676	
0.417000	2.702151	2.930809	
0.418000	2.699220	2.931939	
0.419000	2.696288	2.933066	
0.420000	2.693354	2.934190	
0.421000	2.690419	2.935311	
0.422000	2.687483	2.936429	
0.423000	2.684546	2.937544	
0.424000	2.681608	2.938656	
0.425000	2.678669	2.939766	
0.426000	2.675729	2.940872	
0.427000	2.672787	2.941976	
0.428000	2.669845	2.943076	
0.429000	2.666901	2.944174	
0.430000	2.663956	2.945268	
0.431000	2.661011	2.946360	
0.432000	2.658064	2.947449	
0.433000	2.655116	2.948535	
0.434000	2.652167	2.949617	
0.435000	2.649217	2.950697	
0.436000	2.646265	2.951774	
0.437000	2.643313	2.952848	
0.438000	2.640360	2.953919	
0.439000	2.637405	2.954987	
0.440000	2.634450	2.956052	
0.441000	2.631493	2.957115	
0.442000	2.628535	2.958174	
0.443000	2.625577	2.959230	
0.444000	2.622617	2.960283	
0.445000	2.619656	2.961334	
0.446000	2.616694	2.962381	
0.447000	2.613731	2.963426	
0.448000	2.610767	2.964467	
0.449000	2.607802	2.965505	
0.450000	2.604836	2.966541	
0.451000	2.601869	2.967574	
0.452000	2.598901	2.968603	
0.453000	2.595932	2.969630	
0.454000	2.592962	2.970653	
0.455000	2.589991	2.971674	
0.456000	2.587019	2.972692	
0.457000	2.584045	2.973707	
0.458000	2.581071	2.974718	
0.459000	2.578096	2.975727	
0.460000	2.575120	2.976733	
0.461000	2.572143	2.977736	
0.462000	2.569164	2.978736	
0.463000	2.566185	2.979732	
0.464000	2.563205	2.980726	
0.465000	2.560224	2.981717	
0.466000	2.557241	2.982705	
0.467000	2.554258	2.983690	
0.468000	2.551274	2.984672	
0.469000	2.548289	2.985651	
0.470000	2.545303	2.986627	
0.471000	2.542316	2.987600	
0.472000	2.539328	2.988570	
0.473000	2.536338	2.989537	
0.474000	2.533348	2.990501	
0.475000	2.530357	2.991462	
0.476000	2.527366	2.992420	
0.477000	2.524373	2.993375	
0.478000	2.521379	2.994328	
0.479000	2.518384	2.995277	
0.480000	2.515388	2.996223	
0.481000	2.512392	2.997166	
0.482000	2.509394	2.998106	
0.483000	2.506395	2.999043	
0.484000	2.503396	2.999977	
0.485000	2.500395	3.000908	
0.486000	2.497394	3.001836	
0.487000	2.494392	3.002761	
0.488000	2.491388	3.003683	
0.489000	2.488384	3.004603	
0.490000	2.485379	3.005519	
0.491000	2.482373	3.006432	
0.492000	2.479366	3.007342	
0.493000	2.476359	3.008249	
0.494000	2.473350	3.009153	
0.495000	2.470340	3.010054	
0.496000	2.467330	3.010952	
0.497000	2.464318	3.011847	
0.498000	2.461306	3.012739	
0.499000	2.458293	3.013628	
0.500000	2.455279	3.014514	
0.501000	2.452264	3.015397	
0.502000	2.449248	3.016277	
0.503000	2.446231	3.017154	
0.504000	2.443214	3.018028	
0.505000	2.440195	3.018899	
0.506000	2.437176	3.019767	
0.507000	2.434156	3.020632	
0.508000	2.431135	3.021493	
0.509000	2.428113	3.022352	
0.510000	2.425090	3.023208	
0.511000	2.422066	3.024061	
0.512000	2.419042	3.024911	
0.513000	2.416017	3.025757	
0.514000	2.412990	3.026601	
0.515000	2.409963	3.027442	
0.516000	2.406935	3.028279	
0.517000	2.403907	3.029114	
0.518000	2.400877	3.029946	
0.519000	2.397847	3.030774	
0.520000	2.394816	3.031600	
0.521000	2.391784	3.032422	
0.522000	2.388751	3.033242	
0.523000	2.385717	3.034058	
0.524000	2.382683	3.034871	
0.525000	2.379647	3.035682	
0.526000	2.376611	3.036489	
0.527000	2.373574	3.037293	
0.528000	2.370537	3.038095	
0.529000	2.367498	3.038893	
0.530000	2.364459	3.039688	
0.531000	2.361419	3.040480	
0.532000	2.358378	3.041269	
0.533000	2.355336	3.042055	
0.534000	2.352294	3.042838	
0.535000	2.349251	3.043618	
0.536000	2.346207	3.044395	
0.537000	2.343162	3.045169	
0.538000	2.340116	3.045940	
0.539000	2.337070	3.046708	
0.540000	2.334023	3.047473	
0.541000	2.330975	3.048234	
0.542000	2.327926	3.048993	
0.543000	2.324877	3.049749	
0.544000	2.321827	3.050501	
0.545000	2.318776	3.051251	
0.546000	2.315724	3.051997	
0.547000	2.312672	3.052741	
0.548000	2.309619	3.053481	
0.549000	2.306565	3.054218	
0.550000	2.303511	3.054952	
0.551000	2.300455	3.055684	
0.552000	2.297399	3.056412	
0.553000	2.294342	3.057137	
0.554000	2.291285	3.057859	
0.555000	2.288227	3.058578	
0.556000	2.285168	3.059294	
0.557000	2.282108	3.060007	
0.558000	2.279048	3.060716	
0.559000	2.275987	3.061423	
0.560000	2.272925	3.062127	
0.561000	2.269862	3.062827	
0.562000	2.266799	3.063525	
0.563000	2.263735	3.064219	
0.564000	2.260671	3.064911	
0.565000	2.257606	3.065599	
0.566000	2.254540	3.066284	
0.567000	2.251473	3.066967	
0.568000	2.248406	3.067646	
0.569000	2.245338	3.068322	
0.570000	2.242269	3.068995	
0.571000	2.239200	3.069665	
0.572000	2.236130	3.070332	
0.573000	2.233059	3.070995	
0.574000	2.229988	3.071656	
0.575000	2.226916	3.072314	
0.576000	2.223843	3.072968	
0.577000	2.220770	3.073620	
0.578000	2.217696	3.074268	
0.579000	2.214621	3.074914	
0.580000	2.211546	3.075556	
0.581000	2.208470	3.076195	
0.582000	2.205394	3.076831	
0.583000	2.202317	3.077464	
0.584000	2.199239	3.078094	
0.585000	2.196160	3.078721	
0.586000	2.193081	3.079345	
0.587000	2.190002	3.079966	
0.588000	2.186921	3.080583	
0.589000	2.183840	3.081198	
0.590000	2.180759	3.081810	
0.591000	2.177677	3.082418	
0.592000	2.174594	3.083023	
0.593000	2.171511	3.083626	
0.594000	2.168427	3.084225	
0.595000	2.165342	3.084821	
0.596000	2.162257	3.085414	
0.597000	2.159172	3.086004	
0.598000	2.156085	3.086591	
0.599000	2.152998	3.087174	
0.600000	2.149911	3.087755	
0.601000	2.146823	3.088333	
0.602000	2.143734	3.088907	
0.603000	2.140645	3.089478	
0.604000	2.137555	3.090047	
0.605000	2.134465	3.090612	
0.606000	2.131374	3.091174	
0.607000	2.128283	3.091733	
0.608000	2.125191	3.092289	
0.609000	2.122098	3.092842	
0.610000	2.119005	3.093392	
0.611000	2.115911	3.093938	
0.612000	2.112817	3.094482	
0.613000	2.109722	3.095022	
0.614000	2.106627	3.095560	
0.615000	2.103531	3.096094	
0.616000	2.100435	3.096625	
0.617000	2.097338	3.097153	
0.618000	2.094240	3.097678	
0.619000	2.091143	3.098200	
0.620000	2.088044	3.098719	
0.621000	2.084945	3.099235	
0.622000	2.081846	3.099747	
0.623000	2.078746	3.100257	
0.624000	2.075645	3.100763	
0.625000	2.072544	3.101266	
0.626000	2.069443	3.101767	
0.627000	2.066341	3.102264	
0.628000	2.063238	3.102758	
0.629000	2.060135	3.103249	
0.630000	2.057032	3.103736	
0.631000	2.053928	3.104221	
0.632000	2.050823	3.104703	
0.633000	2.047718	3.105181	
0.634000	2.044613	3.105657	
0.635000	2.041507	3.106129	
0.636000	2.038400	3.106598	
0.637000	2.035294	3.107064	
0.638000	2.032186	3.107527	
0.639000	2.029079	3.107987	
0.640000	2.025970	3.108443	
0.641000	2.022862	3.108897	
0.642000	2.019753	3.109348	
0.643000	2.016643	3.109795	
0.644000	2.013533	3.110239	
0.645000	2.010423	3.110681	
0.646000	2.007312	3.111119	
0.647000	2.004200	3.111554	
0.648000	2.001089	3.111985	
0.649000	1.997976	3.112414	
0.650000	1.994864	3.112840	
0.651000	1.991751	3.113262	
0.652000	1.988637	3.113682	
0.653000	1.985523	3.114098	
0.654000	1.982409	3.114511	
0.655000	1.979294	3.114921	
0.656000	1.976179	3.115328	
0.657000	1.973064	3.115732	
0.658000	1.969948	3.116133	
0.659000	1.966831	3.116530	
0.660000	1.963715	3.116925	
0.661000	1.960598	3.117316	
0.662000	1.957480	3.117704	
0.663000	1.954362	3.118089	
0.664000	1.951244	3.118471	
0.665000	1.948125	3.118850	
0.666000	1.945006	3.119226	
0.667000	1.941887	3.119599	
0.668000	1.938767	3.119968	
0.669000	1.935647	3.120335	
0.670000	1.932526	3.120698	
0.671000	1.929405	3.121058	
0.672000	1.926284	3.121415	
0.673000	1.923163	3.121769	
0.674000	1.920041	3.122120	
0.675000	1.916918	3.122468	
0.676000	1.913796	3.122812	
0.677000	1.910673	3.123154	
0.678000	1.907549	3.123492	
0.679000	1.904426	3.123827	
0.680000	1.901302	3.124159	
0.681000	1.898177	3.124488	
0.682000	1.895053	3.124814	
0.683000	1.891928	3.125137	
0.684000	1.888802	3.125456	
0.685000	1.885677	3.125773	
0.686000	1.882551	3.126086	
0.687000	1.879425	3.126396	
0.688000	1.876298	3.126703	
0.689000	1.873171	3.127007	
0.690000	1.870044	3.127308	
0.691000	1.866917	3.127606	
0.692000	1.863789	3.127900	
0.693000	1.860661	3.128192	
0.694000	1.857533	3.128480	
0.695000	1.854404	3.128765	
0.696000	1.851275	3.129047	
0.697000	1.848146	3.129326	
0.698000	1.845016	3.129602	
0.699000	1.841887	3.129875	
0.700000	1.838757	3.130144	
0.701000	1.835626	3.130410	
0.702000	1.832496	3.130674	
0.703000	1.829365	3.130934	
0.704000	1.826234	3.131191	
0.705000	1.823103	3.131445	
0.706000	1.819971	3.131695	
0.707000	1.816839	3.131943	
0.708000	1.813707	3.132188	
0.709000	1.810575	3.132429	
0.710000	1.807442	3.132667	
0.711000	1.804309	3.132902	
0.712000	1.801176	3.133134	
0.713000	1.798043	3.133363	
0.714000	1.794910	3.133589	
0.715000	1.791776	3.133811	
0.716000	1.788642	3.134031	
0.717000	1.785508	3.134247	
0.718000	1.782374	3.134460	
0.719000	1.779239	3.134670	
0.720000	1.776104	3.134877	
0.721000	1.772969	3.135081	
0.722000	1.769834	3.135281	
0.723000	1.766699	3.135479	
0.724000	1.763563	3.135673	
0.725000	1.760427	3.135864	
0.726000	1.757291	3.136052	
0.727000	1.754155	3.136237	
0.728000	1.751019	3.136419	
0.729000	1.747882	3.136598	
0.730000	1.744746	3.136773	
0.731000	1.741609	3.136946	
0.732000	1.738472	3.137115	
0.733000	1.735335	3.137281	
0.734000	1.732197	3.137444	
0.735000	1.729060	3.137604	
0.736000	1.725922	3.137760	
0.737000	1.722784	3.137914	
0.738000	1.719646	3.138064	
0.739000	1.716508	3.138212	
0.740000	1.713370	3.138356	
0.741000	1.710231	3.138497	
0.742000	1.707093	3.138635	
0.743000	1.703954	3.138769	
0.744000	1.700815	3.138901	
0.745000	1.697676	3.139029	
0.746000	1.694537	3.139155	
0.747000	1.691398	3.139277	
0.748000	1.688259	3.139396	
0.749000	1.685119	3.139512	
0.750000	1.681980	3.139625	
0.751000	1.678840	3.139734	
0.752000	1.675700	3.139841	
0.753000	1.672560	3.139944	
0.754000	1.669420	3.140044	
0.755000	1.666280	3.140141	
0.756000	1.663140	3.140235	
0.757000	1.660000	3.140326	
0.758000	1.656859	3.140414	
0.759000	1.653719	3.140498	
0.760000	1.650578	3.140579	
0.761000	1.647438	3.140658	
0.762000	1.644297	3.140733	
0.763000	1.641156	3.140805	
0.764000	1.638016	3.140873	
0.765000	1.634875	3.140939	
0.766000	1.631734	3.141002	
0.767000	1.628593	3.141061	
0.768000	1.625452	3.141117	
0.769000	1.622310	3.141170	
0.770000	1.619169	3.141220	
0.771000	1.616028	3.141267	
0.772000	1.612887	3.141311	
0.773000	1.609745	3.141351	
0.774000	1.606604	3.141389	
0.775000	1.603463	3.141423	
0.776000	1.600321	3.141454	
0.777000	1.597180	3.141482	
0.778000	1.594038	3.141507	
0.779000	1.590897	3.141528	
0.780000	1.587755	3.141547	
0.781000	1.584614	3.141562	
0.782000	1.581472	3.141575	
0.783000	1.578330	3.141584	
0.784000	1.575189	3.141590	
0.785000	1.572047	3.141592	
0.786000	1.568906	3.141592	
0.787000	1.565764	3.141589	
0.788000	1.562622	3.141582	
0.789000	1.559481	3.141572	
0.790000	1.556339	3.141559	
0.791000	1.553198	3.141543	
0.792000	1.550056	3.141524	
0.793000	1.546915	3.141502	
0.794000	1.543773	3.141476	
0.795000	1.540632	3.141448	
0.796000	1.537490	3.141416	
0.797000	1.534349	3.141381	
0.798000	1.531208	3.141343	
0.799000	1.528066	3.141302	
0.800000	1.524925	3.141258	
0.801000	1.521784	3.141210	
0.802000	1.518643	3.141160	
0.803000	1.515501	3.141106	
0.804000	1.512360	3.141049	
0.805000	1.509219	3.140989	
0.806000	1.506078	3.140926	
0.807000	1.502937	3.140860	
0.808000	1.499797	3.140790	
0.809000	1.496656	3.140718	
0.810000	1.493515	3.140642	
0.811000	1.490375	3.140563	
0.812000	1.487234	3.140481	
0.813000	1.484094	3.140396	
0.814000	1.480953	3.140308	
0.815000	1.477813	3.140216	
0.816000	1.474673	3.140122	
0.817000	1.471533	3.140024	
0.818000	1.468393	3.139923	
0.819000	1.465253	3.139819	
0.820000	1.462113	3.139712	
0.821000	1.458973	3.139602	
0.822000	1.455834	3.139489	
0.823000	1.452695	3.139372	
0.824000	1.449555	3.139252	
0.825000	1.446416	3.139129	
0.826000	1.443277	3.139004	
0.827000	1.440138	3.138874	
0.828000	1.436999	3.138742	
0.829000	1.433861	3.138607	
0.830000	1.430722	3.138468	
0.831000	1.427584	3.138327	
0.832000	1.424445	3.138182	
0.833000	1.421307	3.138034	
0.834000	1.418169	3.137883	
0.835000	1.415031	3.137729	
0.836000	1.411894	3.137571	
0.837000	1.408756	3.137411	
0.838000	1.405619	3.137247	
0.839000	1.402482	3.137081	
0.840000	1.399345	3.136911	
0.841000	1.396208	3.136738	
0.842000	1.393071	3.136562	
0.843000	1.389935	3.136382	
0.844000	1.386799	3.136200	
0.845000	1.383662	3.136014	
0.846000	1.380527	3.135826	
0.847000	1.377391	3.135634	
0.848000	1.374255	3.135439	
0.849000	1.371120	3.135241	
0.850000	1.367985	3.135039	
0.851000	1.364850	3.134835	
0.852000	1.361715	3.134627	
0.853000	1.358581	3.134417	
0.854000	1.355446	3.134203	
0.855000	1.352312	3.133986	
0.856000	1.349178	3.133766	
0.857000	1.346045	3.133543	
0.858000	1.342911	3.133317	
0.859000	1.339778	3.133087	
0.860000	1.336645	3.132855	
0.861000	1.333512	3.132619	
0.862000	1.330380	3.132380	
0.863000	1.327248	3.132138	
0.864000	1.324116	3.131893	
0.865000	1.320984	3.131645	
0.866000	1.317852	3.131393	
0.867000	1.314721	3.131139	
0.868000	1.311590	3.130881	
0.869000	1.308459	3.130620	
0.870000	1.305329	3.130356	
0.871000	1.302199	3.130089	
0.872000	1.299069	3.129819	
0.873000	1.295939	3.129546	
0.874000	1.292809	3.129270	
0.875000	1.289680	3.128990	
0.876000	1.286552	3.128707	
0.877000	1.283423	3.128421	
0.878000	1.280295	3.128133	
0.879000	1.277167	3.127840	
0.880000	1.274039	3.127545	
0.881000	1.270912	3.127247	
0.882000	1.267785	3.126946	
0.883000	1.264658	3.126641	
0.884000	1.261531	3.126333	
0.885000	1.258405	3.126022	
0.886000	1.255279	3.125708	
0.887000	1.252154	3.125391	
0.888000	1.249028	3.125071	
0.889000	1.245903	3.124748	
0.890000	1.242779	3.124421	
0.891000	1.239655	3.124092	
0.892000	1.236531	3.123759	
0.893000	1.233407	3.123423	
0.894000	1.230284	3.123084	
0.895000	1.227161	3.122742	
0.896000	1.224038	3.122397	
0.897000	1.220916	3.122049	
0.898000	1.217794	3.121697	
0.899000	1.214673	3.121343	
0.900000	1.211552	3.120985	
0.901000	1.208431	3.120624	
0.902000	1.205310	3.120260	
0.903000	1.202190	3.119893	
0.904000	1.199071	3.119523	
0.905000	1.195951	3.119150	
0.906000	1.192832	3.118773	
0.907000	1.189714	3.118394	
0.908000	1.186595	3.118011	
0.909000	1.183478	3.117625	
0.910000	1.180360	3.117237	
0.911000	1.177243	3.116845	
0.912000	1.174127	3.116450	
0.913000	1.171010	3.116051	
0.914000	1.167894	3.115650	
0.915000	1.164779	3.115245	
0.916000	1.161664	3.114838	
0.917000	1.158549	3.114427	
0.918000	1.155435	3.114013	
0.919000	1.152321	3.113596	
0.920000	1.149208	3.113176	
0.921000	1.146095	3.112753	
0.922000	1.142982	3.112327	
0.923000	1.139870	3.111898	
0.924000	1.136759	3.111465	
0.925000	1.133647	3.111030	
0.926000	1.130537	3.110591	
0.927000	1.127426	3.110149	
0.928000	1.124316	3.109704	
0.929000	1.121207	3.109256	
0.930000	1.118098	3.108805	
0.931000	1.114989	3.108351	
0.932000	1.111881	3.107893	
0.933000	1.108773	3.107433	
0.934000	1.105666	3.106969	
0.935000	1.102559	3.106503	
0.936000	1.099453	3.106033	
0.937000	1.096347	3.105560	
0.938000	1.093242	3.105084	
0.939000	1.090137	3.104605	
0.940000	1.087033	3.104123	
0.941000	1.083929	3.103637	
0.942000	1.080826	3.103149	
0.943000	1.077723	3.102657	
0.944000	1.074620	3.102163	
0.945000	1.071518	3.101665	
0.946000	1.068417	3.101164	
0.947000	1.065316	3.100660	
0.948000	1.062216	3.100153	
0.949000	1.059116	3.099643	
0.950000	1.056016	3.099130	
0.951000	1.052917	3.098614	
0.952000	1.049819	3.098094	
0.953000	1.046721	3.097572	
0.954000	1.043624	3.097046	
0.955000	1.040527	3.096517	
0.956000	1.037431	3.095985	
0.957000	1.034335	3.095451	
0.958000	1.031240	3.094913	
0.959000	1.028145	3.094371	
0.960000	1.025051	3.093827	
0.961000	1.021958	3.093280	
0.962000	1.018865	3.092730	
0.963000	1.015772	3.092176	
0.964000	1.012680	3.091619	
0.965000	1.009589	3.091060	
0.966000	1.006498	3.090497	
0.967000	1.003408	3.089931	
0.968000	1.000318	3.089362	
0.969000	0.997229	3.088790	
0.970000	0.994141	3.088215	
0.971000	0.991053	3.087637	
0.972000	0.987966	3.087056	
0.973000	0.984879	3.086471	
0.974000	0.981793	3.085884	
0.975000	0.978707	3.085293	
0.976000	0.975622	3.084700	
0.977000	0.972538	3.084103	
0.978000	0.969454	3.083503	
0.979000	0.966371	3.082900	
0.980000	0.963288	3.082294	
0.981000	0.960206	3.081685	
0.982000	0.957125	3.081073	
0.983000	0.954044	3.080458	
0.984000	0.950964	3.079840	
0.985000	0.947884	3.079218	
0.986000	0.944805	3.078594	
0.987000	0.941727	3.077966	
0.988000	0.938649	3.077336	
0.989000	0.935572	3.076702	
0.990000	0.932496	3.076065	
0.991000	0.929420	3.075425	
0.992000	0.926345	3.074782	
0.993000	0.923271	3.074136	
0.994000	0.920197	3.073487	
0.995000	0.917124	3.072835	
0.996000	0.914051	3.072180	
0.997000	0.910979	3.071522	
0.998000	0.907908	3.070860	
0.999000	0.904838	3.070196	
1.000000	0.901768	3.069528	
1.001000	0.898699	3.068858	
1.002000	0.895630	3.068184	
1.003000	0.892562	3.067508	
1.004000	0.889495	3.066828	
1.005000	0.886429	3.066145	
1.006000	0.883363	3.065459	
1.007000	0.880298	3.064770	
1.008000	0.877233	3.064078	
1.009000	0.874169	3.063383	
1.010000	0.871106	3.062685	
1.011000	0.868044	3.061984	
1.012000	0.864982	3.061279	
1.013000	0.861922	3.060572	
1.014000	0.858861	3.059862	
1.015000	0.855802	3.059148	
1.016000	0.852743	3.058432	
1.017000	0.849685	3.057712	
1.018000	0.846628	3.056989	
1.019000	0.843571	3.056264	
1.020000	0.840515	3.055535	
1.021000	0.837460	3.054803	
1.022000	0.834405	3.054068	
1.023000	0.831352	3.053330	
1.024000	0.828299	3.052589	
1.025000	0.825247	3.051845	
1.026000	0.822195	3.051098	
1.027000	0.819144	3.050348	
1.028000	0.816094	3.049595	
1.029000	0.813045	3.048839	
1.030000	0.809997	3.048079	
1.031000	0.806949	3.047317	
1.032000	0.803902	3.046552	
1.033000	0.800856	3.045783	
1.034000	0.797811	3.045012	
1.035000	0.794766	3.044237	
1.036000	0.791722	3.043460	
1.037000	0.788679	3.042679	
1.038000	0.785637	3.041896	
1.039000	0.782595	3.041109	
1.040000	0.779554	3.040319	
1.041000	0.776515	3.039526	
1.042000	0.773475	3.038731	
1.043000	0.770437	3.037932	
1.044000	0.767400	3.037130	
1.045000	0.764363	3.036325	
1.046000	0.761327	3.035517	
1.047000	0.758292	3.034706	
1.048000	0.755258	3.033892	
1.049000	0.752224	3.033075	
1.050000	0.749191	3.032255	
1.051000	0.746160	3.031432	
1.052000	0.743128	3.030606	
1.053000	0.740098	3.029776	
1.054000	0.737069	3.028944	
1.055000	0.734040	3.028109	
1.056000	0.731013	3.027271	
1.057000	0.727986	3.026429	
1.058000	0.724960	3.025585	
1.059000	0.721935	3.024738	
1.060000	0.718910	3.023887	
1.061000	0.715887	3.023034	
1.062000	0.712864	3.022178	
1.063000	0.709843	3.021318	
1.064000	0.706822	3.020456	
1.065000	0.703802	3.019590	
1.066000	0.700783	3.018722	
1.067000	0.697764	3.017850	
1.068000	0.694747	3.016976	
1.069000	0.691730	3.016098	
1.070000	0.688715	3.015217	
1.071000	0.685700	3.014334	
1.072000	0.682686	3.013447	
1.073000	0.679673	3.012558	
1.074000	0.676661	3.011665	
1.075000	0.673650	3.010769	
1.076000	0.670639	3.009871	
1.077000	0.667630	3.008969	
1.078000	0.664621	3.008064	
1.079000	0.661614	3.007157	
1.080000	0.658607	3.006246	
1.081000	0.655601	3.005332	
1.082000	0.652596	3.004416	
1.083000	0.649592	3.003496	
1.084000	0.646589	3.002573	
1.085000	0.643587	3.001648	
1.086000	0.640586	3.000719	
1.087000	0.637586	2.999787	
1.088000	0.634587	2.998852	
1.089000	0.631588	2.997915	
1.090000	0.628591	2.996974	
1.091000	0.625594	2.996030	
1.092000	0.622599	2.995084	
1.093000	0.619604	2.994134	
1.094000	0.616610	2.993181	
1.095000	0.613618	2.992225	
1.096000	0.610626	2.991267	
1.097000	0.607635	2.990305	
1.098000	0.604645	2.989341	
1.099000	0.601656	2.988373	
1.100000	0.598669	2.987402	
1.101000	0.595682	2.986429	
1.102000	0.592696	2.985452	
1.103000	0.589711	2.984472	
1.104000	0.586727	2.983490	
1.105000	0.583744	2.982504	
1.106000	0.580762	2.981516	
1.107000	0.577781	2.980524	
1.108000	0.574801	2.979530	
1.109000	0.571822	2.978532	
1.110000	0.568844	2.977532	
1.111000	0.565867	2.976528	
1.112000	0.562891	2.975522	
1.113000	0.559916	2.974512	
1.114000	0.556942	2.973500	
1.115000	0.553969	2.972485	
1.116000	0.550997	2.971466	
1.117000	0.548026	2.970445	
1.118000	0.545056	2.969421	
1.119000	0.542087	2.968394	
1.120000	0.539119	2.967364	
1.121000	0.536152	2.966330	
1.122000	0.533186	2.965294	
1.123000	0.530221	2.964255	
1.124000	0.527258	2.963213	
1.125000	0.524295	2.962168	
1.126000	0.521333	2.961120	
1.127000	0.518373	2.960069	
1.128000	0.515413	2.959015	
1.129000	0.512455	2.957958	
1.130000	0.509497	2.956899	
1.131000	0.506541	2.955836	
1.132000	0.503586	2.954770	
1.133000	0.500631	2.953701	
1.134000	0.497678	2.952630	
1.135000	0.494726	2.951555	
1.136000	0.491775	2.950478	
1.137000	0.488825	2.949397	
1.138000	0.485876	2.948314	
1.139000	0.482929	2.947227	
1.140000	0.479982	2.946138	
1.141000	0.477036	2.945046	
1.142000	0.474092	2.943950	
1.143000	0.471148	2.942852	
1.144000	0.468206	2.941751	
1.145000	0.465265	2.940647	
1.146000	0.462325	2.939540	
1.147000	0.459386	2.938430	
1.148000	0.456448	2.937317	
1.149000	0.453511	2.936201	
1.150000	0.450576	2.935083	
1.151000	0.447641	2.933961	
1.152000	0.444708	2.932836	
1.153000	0.441775	2.931709	
1.154000	0.438844	2.930578	
1.155000	0.435914	2.929445	
1.156000	0.432985	2.928308	
1.157000	0.430058	2.927169	
1.158000	0.427131	2.926027	
1.159000	0.424206	2.924882	
1.160000	0.421281	2.923734	
1.161000	0.418358	2.922583	
1.162000	0.415436	2.921429	
1.163000	0.412515	2.920272	
1.164000	0.409596	2.919112	
1.165000	0.406677	2.917950	
1.166000	0.403760	2.916784	
1.167000	0.400843	2.915616	
1.168000	0.397928	2.914444	
1.169000	0.395015	2.913270	
1.170000	0.392102	2.912093	
1.171000	0.389190	2.910913	
1.172000	0.386280	2.909729	
1.173000	0.383371	2.908544	
1.174000	0.380463	2.907355	
1.175000	0.377556	2.906163	
1.176000	0.374651	2.904968	
1.177000	0.371746	2.903771	
1.178000	0.368843	2.902570	
1.179000	0.365941	2.901367	
1.180000	0.363040	2.900160	
1.181000	0.360141	2.898951	
1.182000	0.357242	2.897739	
1.183000	0.354345	2.896524	
1.184000	0.351449	2.895306	
1.185000	0.348555	2.894085	
1.186000	0.345661	2.892862	
1.187000	0.342769	2.891635	
1.188000	0.339878	2.890406	
1.189000	0.336988	2.889173	
1.190000	0.334100	2.887938	
1.191000	0.331212	2.886700	
1.192000	0.328326	2.885459	
1.193000	0.325441	2.884215	
1.194000	0.322558	2.882968	
1.195000	0.319675	2.881718	
1.196000	0.316794	2.880466	
1.197000	0.313915	2.879210	
1.198000	0.311036	2.877952	
1.199000	0.308159	2.876691	
1.200000	0.305283	2.875427	
1.201000	0.302408	2.874160	
1.202000	0.299534	2.872890	
1.203000	0.296662	2.871617	
1.204000	0.293791	2.870342	
1.205000	0.290921	2.869063	
1.206000	0.288053	2.867782	
1.207000	0.285186	2.866498	
1.208000	0.282320	2.865211	
1.209000	0.279455	2.863921	
1.210000	0.276592	2.862628	
1.211000	0.273730	2.861332	
1.212000	0.270869	2.860034	
1.213000	0.268010	2.858733	
1.214000	0.265152	2.857428	
1.215000	0.262295	2.856121	
1.216000	0.259440	2.854811	
1.217000	0.256586	2.853499	
1.218000	0.253733	2.852183	
1.219000	0.250881	2.850865	
1.220000	0.248031	2.849543	
1.221000	0.245182	2.848219	
1.222000	0.242335	2.846892	
1.223000	0.239488	2.845562	
1.224000	0.236643	2.844229	
1.225000	0.233800	2.842894	
1.226000	0.230958	2.841555	
1.227000	0.228117	2.840214	
1.228000	0.225277	2.838870	
1.229000	0.222439	2.837523	
1.230000	0.219602	2.836173	
1.231000	0.216767	2.834821	
1.232000	0.213933	2.833465	
1.233000	0.211100	2.832107	
1.234000	0.208268	2.830746	
1.235000	0.205438	2.829382	
1.236000	0.202610	2.828015	
1.237000	0.199782	2.826645	
1.238000	0.196956	2.825273	
1.239000	0.194132	2.823898	
1.240000	0.191308	2.822520	
1.241000	0.188487	2.821139	
1.242000	0.185666	2.819755	
1.243000	0.182847	2.818369	
1.244000	0.180029	2.816979	
1.245000	0.177213	2.815587	
1.246000	0.174398	2.814192	
1.247000	0.171585	2.812794	
1.248000	0.168773	2.811394	
1.249000	0.165962	2.809990	
1.250000	0.163153	2.808584	
1.251000	0.160345	2.807175	
1.252000	0.157538	2.805763	
1.253000	0.154733	2.804348	
1.254000	0.151930	2.802931	
1.255000	0.149127	2.801511	
1.256000	0.146327	2.800088	
1.257000	0.143527	2.798662	
1.258000	0.140729	2.797233	
1.259000	0.137933	2.795802	
1.260000	0.135138	2.794367	
1.261000	0.132344	2.792930	
1.262000	0.129552	2.791490	
1.263000	0.126761	2.790048	
1.264000	0.123972	2.788602	
1.265000	0.121184	2.787154	
1.266000	0.118397	2.785703	
1.267000	0.115612	2.784249	
1.268000	0.112829	2.782793	
1.269000	0.110047	2.781333	
1.270000	0.107266	2.779871	
1.271000	0.104487	2.778406	
1.272000	0.101709	2.776939	
1.273000	0.098933	2.775468	
1.274000	0.096159	2.773995	
1.275000	0.093385	2.772519	
1.276000	0.090614	2.771040	
1.277000	0.087843	2.769559	
1.278000	0.085074	2.768074	
1.279000	0.082307	2.766587	
1.280000	0.079541	2.765097	
1.281000	0.076777	2.763605	
1.282000	0.074014	2.762109	
1.283000	0.071253	2.760611	
1.284000	0.068493	2.759110	
1.285000	0.065734	2.757606	
1.286000	0.062978	2.756100	
1.287000	0.060222	2.754591	
1.288000	0.057468	2.753079	
1.289000	0.054716	2.751564	
1.290000	0.051965	2.750047	
1.291000	0.049216	2.748526	
1.292000	0.046468	2.747004	
1.293000	0.043722	2.745478	
1.294000	0.040977	2.743949	
1.295000	0.038234	2.742418	
1.296000	0.035492	2.740884	
1.297000	0.032752	2.739348	
1.298000	0.030014	2.737808	
1.299000	0.027277	2.736266	
1.300000	0.024541	2.734721	
1.301000	0.021807	2.733173	
1.302000	0.019075	2.731623	
1.303000	0.016344	2.730070	
1.304000	0.013615	2.728514	
1.305000	0.010887	2.726956	
1.306000	0.008161	2.725394	
1.307000	0.005436	2.723830	
1.308000	0.002713	2.722264	
1.309000	-0.000008	2.720694	
1.310000	-0.002728	2.719122	
1.311000	-0.005447	2.717547	
1.312000	-0.008163	2.715970	
1.313000	-0.010879	2.714389	
1.314000	-0.013592	2.712806	
1.315000	-0.016304	2.711220	
1.316000	-0.019015	2.709632	
1.317000	-0.021723	2.708041	
1.318000	-0.024431	2.706447	
1.319000	-0.027136	2.704850	
1.320000	-0.029840	2.703251	
1.321000	-0.032543	2.701649	
1.322000	-0.035244	2.700044	
1.323000	-0.037943	2.698437	
1.324000	-0.040640	2.696827	
1.325000	-0.043337	2.695214	
1.326000	-0.046031	2.693599	
1.327000	-0.048724	2.691981	
1.328000	-0.051415	2.690360	
1.329000	-0.054104	2.688736	
1.330000	-0.056792	2.687110	
1.331000	-0.059479	2.685481	
1.332000	-0.062163	2.683849	
1.333000	-0.064846	2.682215	
1.334000	-0.067528	2.680578	
1.335000	-0.070208	2.678938	
1.336000	-0.072886	2.677296	
1.337000	-0.075562	2.675651	
1.338000	-0.078237	2.674003	
1.339000	-0.080910	2.672353	
1.340000	-0.083582	2.670700	
1.341000	-0.086252	2.669044	
1.342000	-0.088920	2.667386	
1.343000	-0.091586	2.665725	
1.344000	-0.094251	2.664061	
1.345000	-0.096914	2.662395	
1.346000	-0.099576	2.660726	
1.347000	-0.102236	2.659054	
1.348000	-0.104894	2.657380	
1.349000	-0.107551	2.655703	
1.350000	-0.110205	2.654023	
1.351000	-0.112859	2.652341	
1.352000	-0.115510	2.650656	
1.353000	-0.118160	2.648968	
1.354000	-0.120808	2.647278	
1.355000	-0.123455	2.645585	
1.356000	-0.126099	2.643889	
1.357000	-0.128742	2.642191	
1.358000	-0.131384	2.640490	
1.359000	-0.134023	2.638787	
1.360000	-0.136661	2.637080	
1.361000	-0.139297	2.635372	
1.362000	-0.141932	2.633660	
1.363000	-0.144565	2.631946	
1.364000	-0.147196	2.630230	
1.365000	-0.149825	2.628510	
1.366000	-0.152453	2.626788	
1.367000	-0.155079	2.625064	
1.368000	-0.157703	2.623337	
1.369000	-0.160325	2.621607	
1.370000	-0.162946	2.619874	
1.371000	-0.165565	2.618139	
1.372000	-0.168182	2.616402	
1.373000	-0.170798	2.614661	
1.374000	-0.173412	2.612918	
1.375000	-0.176024	2.611173	
1.376000	-0.178634	2.609425	
1.377000	-0.181243	2.607674	
1.378000	-0.183849	2.605921	
1.379000	-0.186455	2.604165	
1.380000	-0.189058	2.602406	
1.381000	-0.191659	2.600645	
1.382000	-0.194259	2.598881	
1.383000	-0.196857	2.597115	
1.384000	-0.199453	2.595346	
1.385000	-0.202048	2.593574	
1.386000	-0.204640	2.591800	
1.387000	-0.207231	2.590024	
1.388000	-0.209821	2.588244	
1.389000	-0.212408	2.586462	
1.390000	-0.214993	2.584678	
1.391000	-0.217577	2.582891	
1.392000	-0.220159	2.581101	
1.393000	-0.222739	2.579309	
1.394000	-0.225318	2.577514	
1.395000	-0.227894	2.575717	
1.396000	-0.230469	2.573917	
1.397000	-0.233042	2.572114	
1.398000	-0.235614	2.570309	
1.399000	-0.238183	2.568501	
1.400000	-0.240751	2.566691	
1.401000	-0.243316	2.564878	
1.402000	-0.245880	2.563063	
1.403000	-0.248442	2.561245	
1.404000	-0.251003	2.559424	
1.405000	-0.253561	2.557601	
1.406000	-0.256118	2.555776	
1.407000	-0.258673	2.553947	
1.408000	-0.261226	2.552117	
1.409000	-0.263777	2.550283	
1.410000	-0.266326	2.548447	
1.411000	-0.268874	2.546609	
1.412000	-0.271420	2.544768	
1.413000	-0.273963	2.542925	
1.414000	-0.276505	2.541079	
1.415000	-0.279046	2.539230	
1.416000	-0.281584	2.537379	
1.417000	-0.284120	2.535525	
1.418000	-0.286655	2.533669	
1.419000	-0.289188	2.531810	
1.420000	-0.291719	2.529949	
1.421000	-0.294248	2.528085	
1.422000	-0.296775	2.526219	
1.423000	-0.299300	2.524350	
1.424000	-0.301823	2.522479	
1.425000	-0.304345	2.520605	
1.426000	-0.306865	2.518729	
1.427000	-0.309382	2.516850	
1.428000	-0.311898	2.514968	
1.429000	-0.314412	2.513084	
1.430000	-0.316925	2.511198	
1.431000	-0.319435	2.509309	
1.432000	-0.321943	2.507417	
1.433000	-0.324450	2.505523	
1.434000	-0.326954	2.503627	
1.435000	-0.329457	2.501728	
1.436000	-0.331958	2.499826	
1.437000	-0.334457	2.497922	
1.438000	-0.336954	2.496016	
1.439000	-0.339449	2.494107	
1.440000	-0.341942	2.492195	
1.441000	-0.344433	2.490281	
1.442000	-0.346922	2.488365	
1.443000	-0.349410	2.486446	
1.444000	-0.351895	2.484524	
1.445000	-0.354379	2.482601	
1.446000	-0.356860	2.480674	
1.447000	-0.359340	2.478745	
1.448000	-0.361818	2.476814	
1.449000	-0.364294	2.474880	
1.450000	-0.366768	2.472944	
1.451000	-0.369240	2.471005	
1.452000	-0.371710	2.469064	
1.453000	-0.374178	2.467120	
1.454000	-0.376644	2.465174	
1.455000	-0.379108	2.463225	
1.456000	-0.381570	2.461274	
1.457000	-0.384031	2.459320	
1.458000	-0.386489	2.457364	
1.459000	-0.388945	2.455406	
1.460000	-0.391400	2.453445	
1.461000	-0.393852	2.451481	
1.462000	-0.396303	2.449515	
1.463000	-0.398751	2.447547	
1.464000	-0.401198	2.445576	
1.465000	-0.403642	2.443603	
1.466000	-0.406085	2.441627	
1.467000	-0.408526	2.439649	
1.468000	-0.410964	2.437669	
1.469000	-0.413401	2.435686	
1.470000	-0.415836	2.433700	
1.471000	-0.418268	2.431713	
1.472000	-0.420699	2.429722	
1.473000	-0.423128	2.427730	
1.474000	-0.425555	2.425734	
1.475000	-0.427979	2.423737	
1.476000	-0.430402	2.421737	
1.477000	-0.432823	2.419734	
1.478000	-0.435242	2.417730	
1.479000	-0.437658	2.415722	
1.480000	-0.440073	2.413713	
1.481000	-0.442486	2.411701	
1.482000	-0.444896	2.409686	
1.483000	-0.447305	2.407669	
1.484000	-0.449712	2.405650	
1.485000	-0.452116	2.403628	
1.486000	-0.454519	2.401604	
1.487000	-0.456920	2.399578	
1.488000	-0.459318	2.397549	
1.489000	-0.461715	2.395517	
1.490000	-0.464109	2.393484	
1.491000	-0.466502	2.391448	
1.492000	-0.468892	2.389409	
1.493000	-0.471280	2.387368	
1.494000	-0.473667	2.385325	
1.495000	-0.476051	2.383279	
1.496000	-0.478433	2.381231	
1.497000	-0.480814	2.379181	
1.498000	-0.483192	2.377128	
1.499000	-0.485568	2.375073	
1.500000	-0.487942	2.373015	
1.501000	-0.490314	2.370955	
1.502000	-0.492684	2.368893	
1.503000	-0.495052	2.366828	
1.504000	-0.497417	2.364761	
1.505000	-0.499781	2.362692	
1.506000	-0.502143	2.360620	
1.507000	-0.504502	2.358546	
1.508000	-0.506860	2.356470	
1.509000	-0.509215	2.354391	
1.510000	-0.511569	2.352310	
1.511000	-0.513920	2.350226	
1.512000	-0.516269	2.348140	
1.513000	-0.518616	2.346052	
1.514000	-0.520961	2.343961	
1.515000	-0.523304	2.341868	
1.516000	-0.525645	2.339773	
1.517000	-0.527984	2.337676	
1.518000	-0.530320	2.335576	
1.519000	-0.532655	2.333473	
1.520000	-0.534987	2.331369	
1.521000	-0.537318	2.329262	
1.522000	-0.539646	2.327152	
1.523000	-0.541972	2.325041	
1.524000	-0.544296	2.322927	
1.525000	-0.546618	2.320811	
1.526000	-0.548937	2.318692	
1.527000	-0.551255	2.316571	
1.528000	-0.553571	2.314448	
1.529000	-0.555884	2.312322	
1.530000	-0.558195	2.310195	
1.531000	-0.560504	2.308064	
1.532000	-0.562811	2.305932	
1.533000	-0.565116	2.303797	
1.534000	-0.567419	2.301660	
1.535000	-0.569720	2.299521	
1.536000	-0.572018	2.297379	
1.537000	-0.574314	2.295235	
1.538000	-0.576608	2.293089	
1.539000	-0.578901	2.290940	
1.540000	-0.581190	2.288790	
1.541000	-0.583478	2.286636	
1.542000	-0.585764	2.284481	
1.543000	-0.588047	2.282323	
1.544000	-0.590328	2.280163	
1.545000	-0.592607	2.278001	
1.546000	-0.594884	2.275837	
1.547000	-0.597159	2.273670	
1.548000	-0.599432	2.271501	
1.549000	-0.601702	2.269329	
1.550000	-0.603970	2.267156	
1.551000	-0.606236	2.264980	
1.552000	-0.608500	2.262802	
1.553000	-0.610762	2.260621	
1.554000	-0.613021	2.258438	
1.555000	-0.615279	2.256253	
1.556000	-0.617534	2.254066	
1.557000	-0.619787	2.251877	
1.558000	-0.622038	2.249685	
1.559000	-0.624286	2.247491	
1.560000	-0.626533	2.245295	
1.561000	-0.628777	2.243096	
1.562000	-0.631019	2.240896	
1.563000	-0.633259	2.238693	
1.564000	-0.635496	2.236488	
1.565000	-0.637732	2.234280	
1.566000	-0.639965	2.232071	
1.567000	-0.642196	2.229859	
1.568000	-0.644425	2.227645	
1.569000	-0.646651	2.225428	
1.570000	-0.648875	2.223210	
1.571000	-0.651098	2.220989	
1.572000	-0.653317	2.218766	
1.573000	-0.655535	2.216541	
1.574000	-0.657751	2.214313	
1.575000	-0.659964	2.212084	
1.576000	-0.662175	2.209852	
1.577000	-0.664383	2.207618	
1.578000	-0.666590	2.205381	
1.579000	-0.668794	2.203143	
1.580000	-0.670996	2.200902	
1.581000	-0.673196	2.198659	
1.582000	-0.675394	2.196414	
1.583000	-0.677589	2.194167	
1.584000	-0.679782	2.191917	
1.585000	-0.681973	2.189666	
1.586000	-0.684161	2.187412	
1.587000	-0.686347	2.185156	
1.588000	-0.688531	2.182898	
1.589000	-0.690713	2.180637	
1.590000	-0.692893	2.178375	
1.591000	-0.695070	2.176110	
1.592000	-0.697245	2.173843	
1.593000	-0.699418	2.171574	
1.594000	-0.701588	2.169302	
1.595000	-0.703756	2.167029	
1.596000	-0.705922	2.164753	
1.597000	-0.708086	2.162476	
1.598000	-0.710247	2.160196	
1.599000	-0.712406	2.157914	
1.600000	-0.714563	2.155629	
1.601000	-0.716717	2.153343	
1.602000	-0.718870	2.151054	
1.603000	-0.721020	2.148763	
1.604000	-0.723167	2.146471	
1.605000	-0.725312	2.144176	
1.606000	-0.727456	2.141878	
1.607000	-0.729596	2.139579	
1.608000	-0.731735	2.137278	
1.609000	-0.733871	2.134974	
1.610000	-0.736005	2.132668	
1.611000	-0.738136	2.130360	
1.612000	-0.740265	2.128050	
1.613000	-0.742392	2.125738	
1.614000	-0.744517	2.123424	
1.615000	-0.746639	2.121108	
1.616000	-0.748759	2.118789	
1.617000	-0.750877	2.116469	
1.618000	-0.752992	2.114146	
1.619000	-0.755105	2.111821	
1.620000	-0.757216	2.109494	
1.621000	-0.759324	2.107165	
1.622000	-0.761430	2.104834	
1.623000	-0.763534	2.102500	
1.624000	-0.765635	2.100165	
1.625000	-0.767734	2.097828	
1.626000	-0.769831	2.095488	
1.627000	-0.771925	2.093146	
1.628000	-0.774017	2.090803	
1.629000	-0.776107	2.088457	
1.630000	-0.778194	2.086109	
1.631000	-0.780279	2.083759	
1.632000	-0.782361	2.081407	
1.633000	-0.784442	2.079052	
1.634000	-0.786519	2.076696	
1.635000	-0.788595	2.074338	
1.636000	-0.790668	2.071977	
1.637000	-0.792739	2.069615	
1.638000	-0.794807	2.067250	
1.639000	-0.796873	2.064884	
1.640000	-0.798937	2.062515	
1.641000	-0.800998	2.060144	
1.642000	-0.803057	2.057771	
1.643000	-0.805114	2.055396	
1.644000	-0.807168	2.053020	
1.645000	-0.809220	2.050641	
1.646000	-0.811269	2.048260	
1.647000	-0.813317	2.045876	
1.648000	-0.815361	2.043491	
1.649000	-0.817404	2.041104	
1.650000	-0.819443	2.038715	
1.651000	-0.821481	2.036324	
1.652000	-0.823516	2.033930	
1.653000	-0.825549	2.031535	
1.654000	-0.827579	2.029138	
1.655000	-0.829607	2.026738	
1.656000	-0.831633	2.024337	
1.657000	-0.833656	2.021933	
1.658000	-0.835676	2.019528	
1.659000	-0.837695	2.017120	
1.660000	-0.839711	2.014711	
1.661000	-0.841724	2.012299	
1.662000	-0.843735	2.009886	
1.663000	-0.845744	2.007470	
1.664000	-0.847750	2.005053	
1.665000	-0.849754	2.002633	
1.666000	-0.851756	2.000212	
1.667000	-0.853755	1.997788	
1.668000	-0.855751	1.995363	
1.669000	-0.857745	1.992935	
1.670000	-0.859737	1.990506	
1.671000	-0.861726	1.988074	
1.672000	-0.863713	1.985641	
1.673000	-0.865698	1.983205	
1.674000	-0.867680	1.980768	
1.675000	-0.869659	1.978328	
1.676000	-0.871636	1.975887	
1.677000	-0.873611	1.973443	
1.678000	-0.875583	1.970998	
1.679000	-0.877553	1.968550	
1.680000	-0.879520	1.966101	
1.681000	-0.881485	1.963650	
1.682000	-0.883447	1.961197	
1.683000	-0.885407	1.958741	
1.684000	-0.887365	1.956284	
1.685000	-0.889320	1.953825	
1.686000	-0.891273	1.951364	
1.687000	-0.893223	1.948901	
1.688000	-0.895170	1.946436	
1.689000	-0.897116	1.943969	
1.690000	-0.899058	1.941500	
1.691000	-0.900999	1.939029	
1.692000	-0.902936	1.936556	
1.693000	-0.904872	1.934082	
1.694000	-0.906805	1.931605	
1.695000	-0.908735	1.929127	
1.696000	-0.910663	1.926646	
1.697000	-0.912588	1.924164	
1.698000	-0.914511	1.921679	
1.699000	-0.916432	1.919193	
1.700000	-0.918350	1.916705	
1.701000	-0.920265	1.914215	
1.702000	-0.922178	1.911723	
1.703000	-0.924088	1.909229	
1.704000	-0.925996	1.906733	
1.705000	-0.927902	1.904235	
1.706000	-0.929805	1.901736	
1.707000	-0.931705	1.899234	
1.708000	-0.933603	1.896731	
1.709000	-0.935499	1.894225	
1.710000	-0.937392	1.891718	
1.711000	-0.939282	1.889209	
1.712000	-0.941170	1.886698	
1.713000	-0.943056	1.884185	
1.714000	-0.944939	1.881670	
1.715000	-0.946819	1.879153	
1.716000	-0.948697	1.876635	
1.717000	-0.950572	1.874114	
1.718000	-0.952445	1.871592	
1.719000	-0.954315	1.869068	
1.720000	-0.956183	1.866542	
1.721000	-0.958049	1.864014	
1.722000	-0.959911	1.861484	
1.723000	-0.961771	1.858953	
1.724000	-0.963629	1.856419	
1.725000	-0.965484	1.853884	
1.726000	-0.967337	1.851347	
1.727000	-0.969187	1.848807	
1.728000	-0.971035	1.846267	
1.729000	-0.972880	1.843724	
1.730000	-0.974722	1.841179	
1.731000	-0.976562	1.838633	
1.732000	-0.978399	1.836084	
1.733000	-0.980234	1.833534	
1.734000	-0.982066	1.830982	
1.735000	-0.983896	1.828429	
1.736000	-0.985723	1.825873	
1.737000	-0.987548	1.823316	
1.738000	-0.989370	1.820756	
1.739000	-0.991189	1.818195	
1.740000	-0.993006	1.815632	
1.741000	-0.994821	1.813068	
1.742000	-0.996632	1.810501	
1.743000	-0.998442	1.807933	
1.744000	-1.000248	1.805363	
1.745000	-1.002052	1.802791	
1.746000	-1.003854	1.800217	
1.747000	-1.005653	1.797641	
1.748000	-1.007449	1.795064	
1.749000	-1.009243	1.792485	
1.750000	-1.011034	1.789904	
1.751000	-1.012823	1.787321	
1.752000	-1.014609	1.784737	
1.753000	-1.016392	1.782150	
1.754000	-1.018173	1.779562	
1.755000	-1.019951	1.776973	
1.756000	-1.021727	1.774381	
1.757000	-1.023500	1.771787	
1.758000	-1.025271	1.769192	
1.759000	-1.027038	1.766595	
1.760000	-1.028804	1.763997	
1.761000	-1.030566	1.761396	
1.762000	-1.032326	1.758794	
1.763000	-1.034084	1.756190	
1.764000	-1.035839	1.753584	
1.765000	-1.037591	1.750977	
1.766000	-1.039341	1.748367	
1.767000	-1.041088	1.745756	
1.768000	-1.042832	1.743144	
1.769000	-1.044574	1.740529	
1.770000	-1.046313	1.737913	
1.771000	-1.048050	1.735295	
1.772000	-1.049784	1.732675	
1.773000	-1.051515	1.730054	
1.774000	-1.053244	1.727431	
1.775000	-1.054970	1.724806	
1.776000	-1.056694	1.722179	
1.777000	-1.058415	1.719551	
1.778000	-1.060133	1.716921	
1.779000	-1.061848	1.714289	
1.780000	-1.063561	1.711655	
1.781000	-1.065272	1.709020	
1.782000	-1.066979	1.706383	
1.783000	-1.068684	1.703745	
1.784000	-1.070387	1.701104	
1.785000	-1.072087	1.698462	
1.786000	-1.073784	1.695818	
1.787000	-1.075478	1.693173	
1.788000	-1.077170	1.690526	
1.789000	-1.078859	1.687877	
1.790000	-1.080546	1.685227	
1.791000	-1.082230	1.682574	
1.792000	-1.083911	1.679921	
1.793000	-1.085590	1.677265	
1.794000	-1.087266	1.674608	
1.795000	-1.088939	1.671949	
1.796000	-1.090609	1.669288	
1.797000	-1.092277	1.666626	
1.798000	-1.093943	1.663962	
1.799000	-1.095605	1.661297	
1.800000	-1.097265	1.658629	
1.801000	-1.098923	1.655960	
1.802000	-1.100577	1.653290	
1.803000	-1.102229	1.650618	
1.804000	-1.103878	1.647944	
1.805000	-1.105525	1.645268	
1.806000	-1.107169	1.642591	
1.807000	-1.108810	1.639912	
1.808000	-1.110449	1.637232	
1.809000	-1.112085	1.634550	
1.810000	-1.113718	1.631866	
1.811000	-1.115348	1.629181	
1.812000	-1.116976	1.626494	
1.813000	-1.118601	1.623805	
1.814000	-1.120224	1.621115	
1.815000	-1.121844	1.618423	
1.816000	-1.123461	1.615730	
1.817000	-1.125075	1.613035	
1.818000	-1.126687	1.610338	
1.819000	-1.128296	1.607640	
1.820000	-1.129902	1.604940	
1.821000	-1.131506	1.602238	
1.822000	-1.133107	1.599535	
1.823000	-1.134705	1.596831	
1.824000	-1.136300	1.594124	
1.825000	-1.137893	1.591416	
1.826000	-1.139483	1.588707	
1.827000	-1.141070	1.585996	
1.828000	-1.142655	1.583283	
1.829000	-1.144237	1.580569	
1.830000	-1.145816	1.577853	
1.831000	-1.147393	1.575136	
1.832000	-1.148966	1.572417	
1.833000	-1.150538	1.569696	
1.834000	-1.152106	1.566974	
1.835000	-1.153671	1.564250	
1.836000	-1.155234	1.561525	
1.837000	-1.156795	1.558798	
1.838000	-1.158352	1.556070	
1.839000	-1.159907	1.553340	
1.840000	-1.161459	1.550609	
1.841000	-1.163008	1.547876	
1.842000	-1.164554	1.545141	
1.843000	-1.166098	1.542405	
1.844000	-1.167639	1.539667	
1.845000	-1.169178	1.536928	
1.846000	-1.170713	1.534187	
1.847000	-1.172246	1.531445	
1.848000	-1.173776	1.528701	
1.849000	-1.175303	1.525956	
1.850000	-1.176828	1.523209	
1.851000	-1.178350	1.520461	
1.852000	-1.179869	1.517711	
1.853000	-1.181385	1.514959	
1.854000	-1.182899	1.512206	
1.855000	-1.184410	1.509452	
1.856000	-1.185918	1.506696	
1.857000	-1.187423	1.503938	
1.858000	-1.188925	1.501179	
1.859000	-1.190425	1.498419	
1.860000	-1.191922	1.495657	
1.861000	-1.193417	1.492894	
1.862000	-1.194908	1.490129	
1.863000	-1.196397	1.487362	
1.864000	-1.197883	1.484594	
1.865000	-1.199366	1.481825	
1.866000	-1.200846	1.479054	
1.867000	-1.202324	1.476282	
1.868000	-1.203799	1.473508	
1.869000	-1.205271	1.470732	
1.870000	-1.206741	1.467956	
1.871000	-1.208207	1.465177	
1.872000	-1.209671	1.462398	
1.873000	-1.211132	1.459616	
1.874000	-1.212590	1.456834	
1.875000	-1.214046	1.454050	
1.876000	-1.215498	1.451264	
1.877000	-1.216948	1.448477	
1.878000	-1.218395	1.445689	
1.879000	-1.219839	1.442899	
1.880000	-1.221281	1.440107	
1.881000	-1.222720	1.437314	
1.882000	-1.224156	1.434520	
1.883000	-1.225589	1.431725	
1.884000	-1.227019	1.428927	
1.885000	-1.228447	1.426129	
1.886000	-1.229871	1.423329	
1.887000	-1.231293	1.420528	
1.888000	-1.232712	1.417725	
1.889000	-1.234129	1.414921	
1.890000	-1.235542	1.412115	
1.891000	-1.236953	1.409308	
1.892000	-1.238361	1.406499	
1.893000	-1.239766	1.403690	
1.894000	-1.241168	1.400878	
1.895000	-1.242568	1.398066	
1.896000	-1.243964	1.395252	
1.897000	-1.245358	1.392436	
1.898000	-1.246749	1.389619	
1.899000	-1.248137	1.386801	
1.900000	-1.249523	1.383981	
1.901000	-1.250905	1.381160	
1.902000	-1.252285	1.378338	
1.903000	-1.253662	1.375514	
1.904000	-1.255036	1.372689	
1.905000	-1.256407	1.369863	
1.906000	-1.257776	1.367035	
1.907000	-1.259141	1.364205	
1.908000	-1.260504	1.361375	
1.909000	-1.261864	1.358543	
1.910000	-1.263221	1.355709	
1.911000	-1.264576	1.352875	
1.912000	-1.265927	1.350039	
1.913000	-1.267276	1.347201	
1.914000	-1.268622	1.344363	
1.915000	-1.269964	1.341523	
1.916000	-1.271305	1.338681	
1.917000	-1.272642	1.335838	
1.918000	-1.273976	1.332994	
1.919000	-1.275308	1.330149	
1.920000	-1.276637	1.327302	
1.921000	-1.277962	1.324454	
1.922000	-1.279285	1.321604	
1.923000	-1.280606	1.318754	
1.924000	-1.281923	1.315902	
1.925000	-1.283237	1.313048	
1.926000	-1.284549	1.310194	
1.927000	-1.285858	1.307338	
1.928000	-1.287164	1.304480	
1.929000	-1.288467	1.301622	
1.930000	-1.289767	1.298762	
1.931000	-1.291064	1.295901	
1.932000	-1.292359	1.293038	
1.933000	-1.293650	1.290174	
1.934000	-1.294939	1.287309	
1.935000	-1.296225	1.284443	
1.936000	-1.297508	1.281575	
1.937000	-1.298788	1.278706	
1.938000	-1.300065	1.275836	
1.939000	-1.301340	1.272964	
1.940000	-1.302611	1.270092	
1.941000	-1.303880	1.267218	
1.942000	-1.305146	1.264342	
1.943000	-1.306409	1.261466	
1.944000	-1.307669	1.258588	
1.945000	-1.308926	1.255709	
1.946000	-1.310180	1.252828	
1.947000	-1.311431	1.249947	
1.948000	-1.312680	1.247064	
1.949000	-1.313926	1.244180	
1.950000	-1.315168	1.241295	
1.951000	-1.316408	1.238408	
1.952000	-1.317645	1.235520	
1.953000	-1.318879	1.232631	
1.954000	-1.320110	1.229741	
1.955000	-1.321339	1.226849	
1.956000	-1.322564	1.223957	
1.957000	-1.323787	1.221063	
1.958000	-1.325006	1.218167	
1.959000	-1.326223	1.215271	
1.960000	-1.327437	1.212373	
1.961000	-1.328648	1.209475	
1.962000	-1.329856	1.206574	
1.963000	-1.331061	1.203673	
1.964000	-1.332263	1.200771	
1.965000	-1.333462	1.197867	
1.966000	-1.334659	1.194962	
1.967000	-1.335852	1.192056	
1.968000	-1.337043	1.189149	
1.969000	-1.338231	1.186241	
1.970000	-1.339415	1.183331	
1.971000	-1.340597	1.180420	
1.972000	-1.341776	1.177508	
1.973000	-1.342952	1.174595	
1.974000	-1.344125	1.171681	
1.975000	-1.345296	1.168765	
1.976000	-1.346463	1.165848	
1.977000	-1.347627	1.162931	
1.978000	-1.348789	1.160012	
1.979000	-1.349947	1.157091	
1.980000	-1.351103	1.154170	
1.981000	-1.352256	1.151248	
1.982000	-1.353406	1.148324	
1.983000	-1.354552	1.145399	
1.984000	-1.355696	1.142473	
1.985000	-1.356837	1.139546	
1.986000	-1.357975	1.136618	
1.987000	-1.359111	1.133689	
1.988000	-1.360243	1.130758	
1.989000	-1.361372	1.127827	
1.990000	-1.362498	1.124894	
1.991000	-1.363622	1.121960	
1.992000	-1.364742	1.119025	
1.993000	-1.365860	1.116089	
1.994000	-1.366975	1.113152	
1.995000	-1.368086	1.110213	
1.996000	-1.369195	1.107274	
1.997000	-1.370301	1.104333	
1.998000	-1.371404	1.101392	
1.999000	-1.372504	1.098449	
2.000000	-1.373601	1.095505	
2.001000	-1.374695	1.092560	
2.002000	-1.375786	1.089614	
2.003000	-1.376874	1.086667	
2.004000	-1.377959	1.083719	
2.005000	-1.379041	1.080770	
2.006000	-1.380121	1.077819	
2.007000	-1.381197	1.074868	
2.008000	-1.382270	1.071915	
2.009000	-1.383341	1.068962	
2.010000	-1.384408	1.066007	
2.011000	-1.385473	1.063051	
2.012000	-1.386534	1.060094	
2.013000	-1.387593	1.057137	
2.014000	-1.388649	1.054178	
2.015000	-1.389701	1.051218	
2.016000	-1.390751	1.048257	
2.017000	-1.391798	1.045295	
2.018000	-1.392842	1.042331	
2.019000	-1.393882	1.039367	
2.020000	-1.394920	1.036402	
2.021000	-1.395955	1.033436	
2.022000	-1.396987	1.030469	
2.023000	-1.398016	1.027500	
2.024000	-1.399042	1.024531	
2.025000	-1.400065	1.021561	
2.026000	-1.401085	1.018589	
2.027000	-1.402102	1.015617	
2.028000	-1.403117	1.012643	
2.029000	-1.404128	1.009669	
2.030000	-1.405136	1.006694	
2.031000	-1.406141	1.003717	
2.032000	-1.407143	1.000740	
2.033000	-1.408143	0.997761	
2.034000	-1.409139	0.994782	
2.035000	-1.410132	0.991801	
2.036000	-1.411122	0.988820	
2.037000	-1.412110	0.985838	
2.038000	-1.413094	0.982854	
2.039000	-1.414075	0.979870	
2.040000	-1.415054	0.976884	
2.041000	-1.416029	0.973898	
2.042000	-1.417002	0.970911	
2.043000	-1.417971	0.967922	
2.044000	-1.418937	0.964933	
2.045000	-1.419901	0.961943	
2.046000	-1.420861	0.958952	
2.047000	-1.421819	0.955960	
2.048000	-1.422773	0.952967	
2.049000	-1.423725	0.949973	
2.050000	-1.424673	0.946978	
2.051000	-1.425619	0.943982	
2.052000	-1.426561	0.940985	
2.053000	-1.427501	0.937987	
2.054000	-1.428437	0.934988	
2.055000	-1.429371	0.931988	
2.056000	-1.430301	0.928988	
2.057000	-1.431229	0.925986	
2.058000	-1.432153	0.922984	
2.059000	-1.433075	0.919980	
2.060000	-1.433993	0.916976	
2.061000	-1.434909	0.913971	
2.062000	-1.435821	0.910965	
2.063000	-1.436730	0.907958	
2.064000	-1.437637	0.904950	
2.065000	-1.438540	0.901941	
2.066000	-1.439441	0.898931	
2.067000	-1.440338	0.895920	
2.068000	-1.441233	0.892909	
2.069000	-1.442124	0.889896	
2.070000	-1.443012	0.886883	
2.071000	-1.443898	0.883869	
2.072000	-1.444780	0.880853	
2.073000	-1.445660	0.877837	
2.074000	-1.446536	0.874820	
2.075000	-1.447409	0.871803	
2.076000	-1.448279	0.868784	
2.077000	-1.449147	0.865765	
2.078000	-1.450011	0.862744	
2.079000	-1.450872	0.859723	
2.080000	-1.451730	0.856701	
2.081000	-1.452586	0.853678	
2.082000	-1.453438	0.850654	
2.083000	-1.454287	0.847629	
2.084000	-1.455133	0.844604	
2.085000	-1.455976	0.841578	
2.086000	-1.456816	0.838550	
2.087000	-1.457653	0.835522	
2.088000	-1.458487	0.832493	
2.089000	-1.459318	0.829464	
2.090000	-1.460146	0.826433	
2.091000	-1.460971	0.823402	
2.092000	-1.461793	0.820370	
2.093000	-1.462612	0.817337	
2.094000	-1.463428	0.814303	
2.095000	-1.464240	0.811268	
2.096000	-1.465050	0.808233	
2.097000	-1.465857	0.805197	
2.098000	-1.466661	0.802160	
2.099000	-1.467461	0.799122	
2.100000	-1.468259	0.796083	
2.101000	-1.469053	0.793044	
2.102000	-1.469845	0.790003	
2.103000	-1.470633	0.786962	
2.104000	-1.471419	0.783920	
2.105000	-1.472201	0.780878	
2.106000	-1.472981	0.777834	
2.107000	-1.473757	0.774790	
2.108000	-1.474530	0.771745	
2.109000	-1.475300	0.768700	
2.110000	-1.476068	0.765653	
2.111000	-1.476832	0.762606	
2.112000	-1.477593	0.759558	
2.113000	-1.478351	0.756509	
2.114000	-1.479106	0.753460	
2.115000	-1.479858	0.750409	
2.116000	-1.480607	0.747358	
2.117000	-1.481352	0.744307	
2.118000	-1.482095	0.741254	
2.119000	-1.482835	0.738201	
2.120000	-1.483572	0.735147	
2.121000	-1.484305	0.732092	
2.122000	-1.485036	0.729037	
2.123000	-1.485763	0.725980	
2.124000	-1.486488	0.722923	
2.125000	-1.487209	0.719866	
2.126000	-1.487928	0.716807	
2.127000	-1.488643	0.713748	
2.128000	-1.489355	0.710689	
2.129000	-1.490064	0.707628	
2.130000	-1.490770	0.704567	
2.131000	-1.491473	0.701505	
2.132000	-1.492173	0.698442	
2.133000	-1.492870	0.695379	
2.134000	-1.493564	0.692315	
2.135000	-1.494255	0.689250	
2.136000	-1.494943	0.686185	
2.137000	-1.495627	0.683119	
2.138000	-1.496309	0.680052	
2.139000	-1.496987	0.676985	
2.140000	-1.497663	0.673916	
2.141000	-1.498335	0.670848	
2.142000	-1.499004	0.667778	
2.143000	-1.499671	0.664708	
2.144000	-1.500334	0.661637	
2.145000	-1.500994	0.658566	
2.146000	-1.501651	0.655494	
2.147000	-1.502305	0.652421	
2.148000	-1.502956	0.649347	
2.149000	-1.503604	0.646273	
2.150000	-1.504248	0.643199	
2.151000	-1.504890	0.640123	
2.152000	-1.505529	0.637047	
2.153000	-1.506164	0.633971	
2.154000	-1.506797	0.630893	
2.155000	-1.507426	0.627815	
2.156000	-1.508052	0.624737	
2.157000	-1.508675	0.621658	
2.158000	-1.509296	0.618578	
2.159000	-1.509913	0.615498	
2.160000	-1.510526	0.612417	
2.161000	-1.511137	0.609335	
2.162000	-1.511745	0.606253	
2.163000	-1.512350	0.603170	
2.164000	-1.512952	0.600086	
2.165000	-1.513550	0.597002	
2.166000	-1.514146	0.593918	
2.167000	-1.514738	0.590832	
2.168000	-1.515327	0.587747	
2.169000	-1.515913	0.584660	
2.170000	-1.516496	0.581573	
2.171000	-1.517077	0.578486	
2.172000	-1.517653	0.575397	
2.173000	-1.518227	0.572309	
2.174000	-1.518798	0.569219	
2.175000	-1.519366	0.566130	
2.176000	-1.519930	0.563039	
2.177000	-1.520492	0.559948	
2.178000	-1.521050	0.556857	
2.179000	-1.521606	0.553764	
2.180000	-1.522158	0.550672	
2.181000	-1.522707	0.547579	
2.182000	-1.523253	0.544485	
2.183000	-1.523796	0.541390	
2.184000	-1.524336	0.538296	
2.185000	-1.524872	0.535200	
2.186000	-1.525406	0.532104	
2.187000	-1.525937	0.529008	
2.188000	-1.526464	0.525911	
2.189000	-1.526988	0.522813	
2.190000	-1.527510	0.519715	
2.191000	-1.528028	0.516617	
2.192000	-1.528543	0.513518	
2.193000	-1.529055	0.510418	
2.194000	-1.529564	0.507318	
2.195000	-1.530070	0.504217	
2.196000	-1.530572	0.501116	
2.197000	-1.531072	0.498014	
2.198000	-1.531568	0.494912	
2.199000	-1.532062	0.491810	
2.200000	-1.532552	0.488707	
2.201000	-1.533039	0.485603	
2.202000	-1.533523	0.482499	
2.203000	-1.534004	0.479394	
2.204000	-1.534482	0.476289	
2.205000	-1.534957	0.473184	
2.206000	-1.535428	0.470078	
2.207000	-1.535897	0.466971	
2.208000	-1.536362	0.463864	
2.209000	-1.536825	0.460757	
2.210000	-1.537284	0.457649	
2.211000	-1.537740	0.454541	
2.212000	-1.538193	0.451432	
2.213000	-1.538643	0.448323	
2.214000	-1.539089	0.445213	
2.215000	-1.539533	0.442103	
2.216000	-1.539974	0.438993	
2.217000	-1.540411	0.435882	
2.218000	-1.540845	0.432770	
2.219000	-1.541277	0.429658	
2.220000	-1.541705	0.426546	
2.221000	-1.542130	0.423433	
2.222000	-1.542552	0.420320	
2.223000	-1.542970	0.417207	
2.224000	-1.543386	0.414093	
2.225000	-1.543799	0.410978	
2.226000	-1.544208	0.407864	
2.227000	-1.544614	0.404748	
2.228000	-1.545017	0.401633	
2.229000	-1.545418	0.398517	
2.230000	-1.545814	0.395400	
2.231000	-1.546208	0.392283	
2.232000	-1.546599	0.389166	
2.233000	-1.546987	0.386049	
2.234000	-1.547371	0.382931	
2.235000	-1.547753	0.379812	
2.236000	-1.548131	0.376694	
2.237000	-1.548506	0.373574	
2.238000	-1.548878	0.370455	
2.239000	-1.549247	0.367335	
2.240000	-1.549613	0.364215	
2.241000	-1.549975	0.361094	
2.242000	-1.550335	0.357973	
2.243000	-1.550691	0.354852	
2.244000	-1.551044	0.351730	
2.245000	-1.551395	0.348608	
2.246000	-1.551742	0.345486	
2.247000	-1.552086	0.342363	
2.248000	-1.552426	0.339240	
2.249000	-1.552764	0.336117	
2.250000	-1.553099	0.332993	
2.251000	-1.553430	0.329869	
2.252000	-1.553758	0.326745	
2.253000	-1.554084	0.323620	
2.254000	-1.554406	0.320495	
2.255000	-1.554725	0.317370	
2.256000	-1.555040	0.314244	
2.257000	-1.555353	0.311118	
2.258000	-1.555663	0.307992	
2.259000	-1.555969	0.304865	
2.260000	-1.556272	0.301738	
2.261000	-1.556573	0.298611	
2.262000	-1.556870	0.295483	
2.263000	-1.557163	0.292356	
2.264000	-1.557454	0.289227	
2.265000	-1.557742	0.286099	
2.266000	-1.558026	0.282970	
2.267000	-1.558308	0.279841	
2.268000	-1.558586	0.276712	
2.269000	-1.558861	0.273583	
2.270000	-1.559133	0.270453	
2.271000	-1.559402	0.267323	
2.272000	-1.559668	0.264192	
2.273000	-1.559931	0.261062	
2.274000	-1.560190	0.257931	
2.275000	-1.560446	0.254800	
2.276000	-1.560700	0.251668	
2.277000	-1.560950	0.248537	
2.278000	-1.561197	0.245405	
2.279000	-1.561441	0.242273	
2.280000	-1.561681	0.239141	
2.281000	-1.561919	0.236008	
2.282000	-1.562153	0.232875	
2.283000	-1.562385	0.229742	
2.284000	-1.562613	0.226609	
2.285000	-1.562838	0.223475	
2.286000	-1.563060	0.220341	
2.287000	-1.563279	0.217207	
2.288000	-1.563494	0.214073	
2.289000	-1.563707	0.210939	
2.290000	-1.563916	0.207804	
2.291000	-1.564122	0.204669	
2.292000	-1.564325	0.201534	
2.293000	-1.564525	0.198399	
2.294000	-1.564722	0.195264	
2.295000	-1.564916	0.192128	
2.296000	-1.565106	0.188992	
2.297000	-1.565294	0.185856	
2.298000	-1.565478	0.182720	
2.299000	-1.565659	0.179584	
2.300000	-1.565837	0.176447	
2.301000	-1.566012	0.173311	
2.302000	-1.566184	0.170174	
2.303000	-1.566353	0.167037	
2.304000	-1.566518	0.163899	
2.305000	-1.566680	0.160762	
2.306000	-1.566840	0.157624	
2.307000	-1.566996	0.154487	
2.308000	-1.567149	0.151349	
2.309000	-1.567298	0.148211	
2.310000	-1.567445	0.145073	
2.311000	-1.567588	0.141934	
2.312000	-1.567729	0.138796	
2.313000	-1.567866	0.135657	
2.314000	-1.568000	0.132519	
2.315000	-1.568131	0.129380	
2.316000	-1.568259	0.126241	
2.317000	-1.568384	0.123102	
2.318000	-1.568505	0.119962	
2.319000	-1.568623	0.116823	
2.320000	-1.568739	0.113684	
2.321000	-1.568851	0.110544	
2.322000	-1.568960	0.107404	
2.323000	-1.569066	0.104264	
2.324000	-1.569168	0.101125	
2.325000	-1.569268	0.097984	
2.326000	-1.569364	0.094844	
2.327000	-1.569458	0.091704	
2.328000	-1.569548	0.088564	
2.329000	-1.569635	0.085423	
2.330000	-1.569719	0.082283	
2.331000	-1.569799	0.079142	
2.332000	-1.569877	0.076002	
2.333000	-1.569951	0.072861	
2.334000	-1.570023	0.069720	
2.335000	-1.570091	0.066579	
2.336000	-1.570156	0.063439	
2.337000	-1.570218	0.060298	
2.338000	-1.570276	0.057157	
2.339000	-1.570332	0.054015	
2.340000	-1.570384	0.050874	
2.341000	-1.570434	0.047733	
2.342000	-1.570480	0.044592	
2.343000	-1.570523	0.041451	
2.344000	-1.570563	0.038309	
2.345000	-1.570599	0.035168	
2.346000	-1.570633	0.032026	
2.347000	-1.570664	0.028885	
2.348000	-1.570691	0.025743	
2.349000	-1.570715	0.022602	
2.350000	-1.570736	0.019460	
2.351000	-1.570754	0.016319	
2.352000	-1.570769	0.013177	
2.353000	-1.570780	0.010036	
2.354000	-1.570789	0.006894	
2.355000	-1.570794	0.003753	
2.356000	-1.570796	0.000611	
2.357000	-1.570795	-0.002531	
2.358000	-1.570791	-0.005672	
2.359000	-1.570784	-0.008814	
2.360000	-1.570774	-0.011955	
2.361000	-1.570760	-0.015097	
2.362000	-1.570743	-0.018238	
2.363000	-1.570724	-0.021380	
2.364000	-1.570701	-0.024521	
2.365000	-1.570675	-0.027663	
2.366000	-1.570645	-0.030804	
2.367000	-1.570613	-0.033946	
2.368000	-1.570577	-0.037087	
2.369000	-1.570539	-0.040229	
2.370000	-1.570497	-0.043370	
2.371000	-1.570452	-0.046511	
2.372000	-1.570404	-0.049652	
2.373000	-1.570353	-0.052794	
2.374000	-1.570298	-0.055935	
2.375000	-1.570241	-0.059076	
2.376000	-1.570180	-0.062217	
2.377000	-1.570116	-0.065358	
2.378000	-1.570049	-0.068499	
2.379000	-1.569979	-0.071639	
2.380000	-1.569906	-0.074780	
2.381000	-1.569830	-0.077921	
2.382000	-1.569750	-0.081061	
2.383000	-1.569668	-0.084202	
2.384000	-1.569582	-0.087342	
2.385000	-1.569493	-0.090483	
2.386000	-1.569401	-0.093623	
2.387000	-1.569306	-0.096763	
2.388000	-1.569207	-0.099903	
2.389000	-1.569106	-0.103043	
2.390000	-1.569001	-0.106183	
2.391000	-1.568894	-0.109323	
2.392000	-1.568783	-0.112462	
2.393000	-1.568669	-0.115602	
2.394000	-1.568552	-0.118741	
2.395000	-1.568431	-0.121881	
2.396000	-1.568308	-0.125020	
2.397000	-1.568181	-0.128159	
2.398000	-1.568051	-0.131298	
2.399000	-1.567919	-0.134436	
2.400000	-1.567783	-0.137575	
2.401000	-1.567643	-0.140714	
2.402000	-1.567501	-0.143852	
2.403000	-1.567356	-0.146990	
2.404000	-1.567207	-0.150128	
2.405000	-1.567055	-0.153266	
2.406000	-1.566901	-0.156404	
2.407000	-1.566743	-0.159542	
2.408000	-1.566582	-0.162679	
2.409000	-1.566417	-0.165816	
2.410000	-1.566250	-0.168953	
2.411000	-1.566079	-0.172090	
2.412000	-1.565906	-0.175227	
2.413000	-1.565729	-0.178364	
2.414000	-1.565549	-0.181500	
2.415000	-1.565366	-0.184636	
2.416000	-1.565180	-0.187773	
2.417000	-1.564990	-0.190908	
2.418000	-1.564798	-0.194044	
2.419000	-1.564602	-0.197180	
2.420000	-1.564404	-0.200315	
2.421000	-1.564202	-0.203450	
2.422000	-1.563997	-0.206585	
2.423000	-1.563789	-0.209720	
2.424000	-1.563577	-0.212854	
2.425000	-1.563363	-0.215988	
2.426000	-1.563145	-0.219122	
2.427000	-1.562925	-0.222256	
2.428000	-1.562701	-0.225390	
2.429000	-1.562474	-0.228523	
2.430000	-1.562244	-0.231656	
2.431000	-1.562010	-0.234789	
2.432000	-1.561774	-0.237922	
2.433000	-1.561535	-0.241054	
2.434000	-1.561292	-0.244187	
2.435000	-1.561046	-0.247319	
2.436000	-1.560797	-0.250450	
2.437000	-1.560545	-0.253582	
2.438000	-1.560290	-0.256713	
2.439000	-1.560032	-0.259844	
2.440000	-1.559771	-0.262975	
2.441000	-1.559506	-0.266105	
2.442000	-1.559238	-0.269235	
2.443000	-1.558967	-0.272365	
2.444000	-1.558694	-0.275495	
2.445000	-1.558417	-0.278624	
2.446000	-1.558136	-0.281753	
2.447000	-1.557853	-0.284882	
2.448000	-1.557567	-0.288011	
2.449000	-1.557277	-0.291139	
2.450000	-1.556984	-0.294267	
2.451000	-1.556688	-0.297394	
2.452000	-1.556389	-0.300522	
2.453000	-1.556087	-0.303649	
2.454000	-1.555782	-0.306775	
2.455000	-1.555474	-0.309902	
2.456000	-1.555162	-0.313028	
2.457000	-1.554848	-0.316154	
2.458000	-1.554530	-0.319279	
2.459000	-1.554209	-0.322404	
2.460000	-1.553885	-0.325529	
2.461000	-1.553558	-0.328654	
2.462000	-1.553228	-0.331778	
2.463000	-1.552895	-0.334902	
2.464000	-1.552558	-0.338025	
2.465000	-1.552219	-0.341149	
2.466000	-1.551876	-0.344271	
2.467000	-1.551530	-0.347394	
2.468000	-1.551181	-0.350516	
2.469000	-1.550829	-0.353638	
2.470000	-1.550474	-0.356759	
2.471000	-1.550115	-0.359880	
2.472000	-1.549754	-0.363001	
2.473000	-1.549389	-0.366121	
2.474000	-1.549022	-0.369241	
2.475000	-1.548651	-0.372361	
2.476000	-1.548277	-0.375480	
2.477000	-1.547900	-0.378599	
2.478000	-1.547520	-0.381718	
2.479000	-1.547137	-0.384836	
2.480000	-1.546750	-0.387954	
2.481000	-1.546361	-0.391071	
2.482000	-1.545968	-0.394188	
2.483000	-1.545572	-0.397305	
2.484000	-1.545173	-0.400421	
2.485000	-1.544771	-0.403536	
2.486000	-1.544366	-0.406652	
2.487000	-1.543958	-0.409767	
2.488000	-1.543547	-0.412881	
2.489000	-1.543132	-0.415995	
2.490000	-1.542715	-0.419109	
2.491000	-1.542294	-0.422222	
2.492000	-1.541870	-0.425335	
2.493000	-1.541444	-0.428448	
2.494000	-1.541014	-0.431560	
2.495000	-1.540580	-0.434671	
2.496000	-1.540144	-0.437783	
2.497000	-1.539705	-0.440893	
2.498000	-1.539262	-0.444004	
2.499000	-1.538817	-0.447113	
2.500000	-1.538368	-0.450223	
2.501000	-1.537916	-0.453332	
2.502000	-1.537461	-0.456440	
2.503000	-1.537004	-0.459548	
2.504000	-1.536542	-0.462656	
2.505000	-1.536078	-0.465763	
2.506000	-1.535611	-0.468870	
2.507000	-1.535140	-0.471976	
2.508000	-1.534667	-0.475081	
2.509000	-1.534190	-0.478187	
2.510000	-1.533711	-0.481291	
2.511000	-1.533228	-0.484396	
2.512000	-1.532742	-0.487499	
2.513000	-1.532253	-0.490603	
2.514000	-1.531761	-0.493706	
2.515000	-1.531265	-0.496808	
2.516000	-1.530767	-0.499910	
2.517000	-1.530265	-0.503011	
2.518000	-1.529761	-0.506112	
2.519000	-1.529253	-0.509212	
2.520000	-1.528742	-0.512312	
2.521000	-1.528229	-0.515411	
2.522000	-1.527712	-0.518510	
2.523000	-1.527192	-0.521608	
2.524000	-1.526668	-0.524706	
2.525000	-1.526142	-0.527803	
2.526000	-1.525613	-0.530900	
2.527000	-1.525080	-0.533996	
2.528000	-1.524545	-0.537092	
2.529000	-1.524006	-0.540187	
2.530000	-1.523464	-0.543281	
2.531000	-1.522920	-0.546375	
2.532000	-1.522372	-0.549469	
2.533000	-1.521821	-0.552561	
2.534000	-1.521267	-0.555654	
2.535000	-1.520709	-0.558746	
2.536000	-1.520149	-0.561837	
2.537000	-1.519586	-0.564928	
2.538000	-1.519019	-0.568018	
2.539000	-1.518450	-0.571107	
2.540000	-1.517877	-0.574196	
2.541000	-1.517301	-0.577284	
2.542000	-1.516722	-0.580372	
2.543000	-1.516141	-0.583460	
2.544000	-1.515556	-0.586546	
2.545000	-1.514967	-0.589632	
2.546000	-1.514376	-0.592718	
2.547000	-1.513782	-0.595803	
2.548000	-1.513185	-0.598887	
2.549000	-1.512584	-0.601971	
2.550000	-1.511981	-0.605054	
2.551000	-1.511374	-0.608136	
2.552000	-1.510764	-0.611218	
2.553000	-1.510152	-0.614299	
2.554000	-1.509536	-0.617380	
2.555000	-1.508917	-0.620460	
2.556000	-1.508295	-0.623539	
2.557000	-1.507670	-0.626618	
2.558000	-1.507042	-0.629696	
2.559000	-1.506410	-0.632774	
2.560000	-1.505776	-0.635851	
2.561000	-1.505139	-0.638927	
2.562000	-1.504498	-0.642002	
2.563000	-1.503855	-0.645077	
2.564000	-1.503208	-0.648152	
2.565000	-1.502558	-0.651225	
2.566000	-1.501906	-0.654298	
2.567000	-1.501250	-0.657371	
2.568000	-1.500591	-0.660443	
2.569000	-1.499929	-0.663514	
2.570000	-1.499264	-0.666584	
2.571000	-1.498596	-0.669654	
2.572000	-1.497925	-0.672723	
2.573000	-1.497250	-0.675791	
2.574000	-1.496573	-0.678859	
2.575000	-1.495893	-0.681926	
2.576000	-1.495209	-0.684992	
2.577000	-1.494523	-0.688058	
2.578000	-1.493833	-0.691123	
2.579000	-1.493140	-0.694187	
2.580000	-1.492445	-0.697251	
2.581000	-1.491746	-0.700314	
2.582000	-1.491044	-0.703376	
2.583000	-1.490339	-0.706437	
2.584000	-1.489631	-0.709498	
2.585000	-1.488920	-0.712558	
2.586000	-1.488206	-0.715618	
2.587000	-1.487489	-0.718676	
2.588000	-1.486769	-0.721734	
2.589000	-1.486045	-0.724791	
2.590000	-1.485319	-0.727848	
2.591000	-1.484590	-0.730904	
2.592000	-1.483857	-0.733959	
2.593000	-1.483122	-0.737013	
2.594000	-1.482383	-0.740066	
2.595000	-1.481642	-0.743119	
2.596000	-1.480897	-0.746171	
2.597000	-1.480149	-0.749223	
2.598000	-1.479399	-0.752273	
2.599000	-1.478645	-0.755323	
2.600000	-1.477888	-0.758372	
2.601000	-1.477128	-0.761420	
2.602000	-1.476365	-0.764468	
2.603000	-1.475599	-0.767515	
2.604000	-1.474830	-0.770561	
2.605000	-1.474058	-0.773606	
2.606000	-1.473283	-0.776650	
2.607000	-1.472505	-0.779694	
2.608000	-1.471724	-0.782737	
2.609000	-1.470939	-0.785779	
2.610000	-1.470152	-0.788821	
2.611000	-1.469362	-0.791861	
2.612000	-1.468568	-0.794901	
2.613000	-1.467772	-0.797940	
2.614000	-1.466972	-0.800978	
2.615000	-1.466170	-0.804015	
2.616000	-1.465364	-0.807052	
2.617000	-1.464556	-0.810088	
2.618000	-1.463744	-0.813123	
2.619000	-1.462930	-0.816157	
2.620000	-1.462112	-0.819190	
2.621000	-1.461291	-0.822223	
2.622000	-1.460467	-0.825254	
2.623000	-1.459641	-0.828285	
2.624000	-1.458811	-0.831315	
2.625000	-1.457978	-0.834344	
2.626000	-1.457142	-0.837373	
2.627000	-1.456303	-0.840400	
2.628000	-1.455461	-0.843427	
2.629000	-1.454616	-0.846453	
2.630000	-1.453768	-0.849478	
2.631000	-1.452917	-0.852502	
2.632000	-1.452063	-0.855525	
2.633000	-1.451206	-0.858548	
2.634000	-1.450346	-0.861569	
2.635000	-1.449483	-0.864590	
2.636000	-1.448617	-0.867610	
2.637000	-1.447748	-0.870629	
2.638000	-1.446876	-0.873647	
2.639000	-1.446001	-0.876664	
2.640000	-1.445123	-0.879680	
2.641000	-1.444241	-0.882696	
2.642000	-1.443357	-0.885710	
2.643000	-1.442470	-0.888724	
2.644000	-1.441580	-0.891737	
2.645000	-1.440687	-0.894749	
2.646000	-1.439790	-0.897760	
2.647000	-1.438891	-0.900770	
2.648000	-1.437989	-0.903779	
2.649000	-1.437083	-0.906788	
2.650000	-1.436175	-0.909795	
2.651000	-1.435264	-0.912802	
2.652000	-1.434350	-0.915807	
2.653000	-1.433432	-0.918812	
2.654000	-1.432512	-0.921816	
2.655000	-1.431589	-0.924818	
2.656000	-1.430662	-0.927820	
2.657000	-1.429733	-0.930821	
2.658000	-1.428801	-0.933821	
2.659000	-1.427865	-0.936821	
2.660000	-1.426927	-0.939819	
2.661000	-1.425986	-0.942816	
2.662000	-1.425041	-0.945812	
2.663000	-1.424094	-0.948808	
2.664000	-1.423144	-0.951802	
2.665000	-1.422190	-0.954796	
2.666000	-1.421234	-0.957788	
2.667000	-1.420275	-0.960780	
2.668000	-1.419313	-0.963770	
2.669000	-1.418347	-0.966760	
2.670000	-1.417379	-0.969748	
2.671000	-1.416408	-0.972736	
2.672000	-1.415434	-0.975723	
2.673000	-1.414456	-0.978709	
2.674000	-1.413476	-0.981693	
2.675000	-1.412493	-0.984677	
2.676000	-1.411507	-0.987660	
2.677000	-1.410518	-0.990642	
2.678000	-1.409526	-0.993623	
2.679000	-1.408530	-0.996602	
2.680000	-1.407532	-0.999581	
2.681000	-1.406531	-1.002559	
2.682000	-1.405527	-1.005536	
2.683000	-1.404520	-1.008512	
2.684000	-1.403510	-1.011487	
2.685000	-1.402497	-1.014460	
2.686000	-1.401481	-1.017433	
2.687000	-1.400462	-1.020405	
2.688000	-1.399440	-1.023376	
2.689000	-1.398416	-1.026345	
2.690000	-1.397388	-1.029314	
2.691000	-1.396357	-1.032282	
2.692000	-1.395323	-1.035248	
2.693000	-1.394286	-1.038214	
2.694000	-1.393247	-1.041179	
2.695000	-1.392204	-1.044142	
2.696000	-1.391159	-1.047105	
2.697000	-1.390110	-1.050066	
2.698000	-1.389058	-1.053026	
2.699000	-1.388004	-1.055986	
2.700000	-1.386946	-1.058944	
2.701000	-1.385886	-1.061901	
2.702000	-1.384823	-1.064857	
2.703000	-1.383756	-1.067812	
2.704000	-1.382687	-1.070766	
2.705000	-1.381615	-1.073719	
2.706000	-1.380540	-1.076671	
2.707000	-1.379461	-1.079622	
2.708000	-1.378380	-1.082572	
2.709000	-1.377296	-1.085520	
2.710000	-1.376209	-1.088468	
2.711000	-1.375119	-1.091414	
2.712000	-1.374026	-1.094360	
2.713000	-1.372931	-1.097304	
2.714000	-1.371832	-1.100247	
2.715000	-1.370730	-1.103189	
2.716000	-1.369625	-1.106130	
2.717000	-1.368518	-1.109070	
2.718000	-1.367407	-1.112009	
2.719000	-1.366294	-1.114947	
2.720000	-1.365177	-1.117883	
2.721000	-1.364058	-1.120819	
2.722000	-1.362936	-1.123753	
2.723000	-1.361811	-1.126686	
2.724000	-1.360682	-1.129618	
2.725000	-1.359551	-1.132549	
2.726000	-1.358417	-1.135479	
2.727000	-1.357280	-1.138407	
2.728000	-1.356140	-1.141335	
2.729000	-1.354998	-1.144261	
2.730000	-1.353852	-1.147186	
2.731000	-1.352703	-1.150111	
2.732000	-1.351552	-1.153033	
2.733000	-1.350397	-1.155955	
2.734000	-1.349240	-1.158876	
2.735000	-1.348080	-1.161795	
2.736000	-1.346916	-1.164714	
2.737000	-1.345750	-1.167631	
2.738000	-1.344581	-1.170547	
2.739000	-1.343409	-1.173461	
2.740000	-1.342234	-1.176375	
2.741000	-1.341056	-1.179288	
2.742000	-1.339875	-1.182199	
2.743000	-1.338692	-1.185109	
2.744000	-1.337505	-1.188018	
2.745000	-1.336316	-1.190925	
2.746000	-1.335123	-1.193832	
2.747000	-1.333928	-1.196737	
2.748000	-1.332730	-1.199641	
2.749000	-1.331529	-1.202544	
2.750000	-1.330325	-1.205446	
2.751000	-1.329118	-1.208347	
2.752000	-1.327908	-1.211246	
2.753000	-1.326695	-1.214144	
2.754000	-1.325480	-1.217041	
2.755000	-1.324261	-1.219937	
2.756000	-1.323040	-1.222831	
2.757000	-1.321816	-1.225724	
2.758000	-1.320589	-1.228616	
2.759000	-1.319358	-1.231507	
2.760000	-1.318126	-1.234397	
2.761000	-1.316890	-1.237285	
2.762000	-1.315651	-1.240172	
2.763000	-1.314409	-1.243058	
2.764000	-1.313165	-1.245942	
2.765000	-1.311917	-1.248826	
2.766000	-1.310667	-1.251708	
2.767000	-1.309414	-1.254589	
2.768000	-1.308158	-1.257468	
2.769000	-1.306899	-1.260346	
2.770000	-1.305637	-1.263224	
2.771000	-1.304373	-1.266099	
2.772000	-1.303105	-1.268974	
2.773000	-1.301835	-1.271847	
2.774000	-1.300561	-1.274719	
2.775000	-1.299285	-1.277590	
2.776000	-1.298006	-1.280459	
2.777000	-1.296724	-1.283327	
2.778000	-1.295440	-1.286194	
2.779000	-1.294152	-1.289060	
2.780000	-1.292861	-1.291924	
2.781000	-1.291568	-1.294787	
2.782000	-1.290272	-1.297649	
2.783000	-1.288973	-1.300509	
2.784000	-1.287671	-1.303369	
2.785000	-1.286366	-1.306226	
2.786000	-1.285058	-1.309083	
2.787000	-1.283748	-1.311938	
2.788000	-1.282435	-1.314792	
2.789000	-1.281118	-1.317645	
2.790000	-1.279799	-1.320496	
2.791000	-1.278477	-1.323346	
2.792000	-1.277153	-1.326194	
2.793000	-1.275825	-1.329042	
2.794000	-1.274495	-1.331888	
2.795000	-1.273161	-1.334732	
2.796000	-1.271825	-1.337575	
2.797000	-1.270486	-1.340417	
2.798000	-1.269144	-1.343258	
2.799000	-1.267800	-1.346097	
2.800000	-1.266452	-1.348935	
2.801000	-1.265102	-1.351772	
2.802000	-1.263748	-1.354607	
2.803000	-1.262392	-1.357441	
2.804000	-1.261034	-1.360273	
2.805000	-1.259672	-1.363105	
2.806000	-1.258307	-1.365934	
2.807000	-1.256940	-1.368763	
2.808000	-1.255570	-1.371590	
2.809000	-1.254197	-1.374415	
2.810000	-1.252821	-1.377240	
2.811000	-1.251442	-1.380063	
2.812000	-1.250061	-1.382884	
2.813000	-1.248677	-1.385704	
2.814000	-1.247290	-1.388523	
2.815000	-1.245900	-1.391341	
2.816000	-1.244507	-1.394157	
2.817000	-1.243111	-1.396971	
2.818000	-1.241713	-1.399784	
2.819000	-1.240312	-1.402596	
2.820000	-1.238908	-1.405407	
2.821000	-1.237501	-1.408216	
2.822000	-1.236091	-1.411023	
2.823000	-1.234679	-1.413829	
2.824000	-1.233264	-1.416634	
2.825000	-1.231846	-1.419438	
2.826000	-1.230425	-1.422239	
2.827000	-1.229001	-1.425040	
2.828000	-1.227575	-1.427839	
2.829000	-1.226145	-1.430637	
2.830000	-1.224713	-1.433433	
2.831000	-1.223279	-1.436228	
2.832000	-1.221841	-1.439021	
2.833000	-1.220400	-1.441813	
2.834000	-1.218957	-1.444603	
2.835000	-1.217511	-1.447392	
2.836000	-1.216063	-1.450180	
2.837000	-1.214611	-1.452966	
2.838000	-1.213157	-1.455751	
2.839000	-1.211699	-1.458534	
2.840000	-1.210240	-1.461316	
2.841000	-1.208777	-1.464096	
2.842000	-1.207311	-1.466875	
2.843000	-1.205843	-1.469652	
2.844000	-1.204372	-1.472428	
2.845000	-1.202898	-1.475203	
2.846000	-1.201422	-1.477976	
2.847000	-1.199942	-1.480747	
2.848000	-1.198460	-1.483517	
2.849000	-1.196975	-1.486286	
2.850000	-1.195488	-1.489053	
2.851000	-1.193997	-1.491818	
2.852000	-1.192504	-1.494582	
2.853000	-1.191008	-1.497345	
2.854000	-1.189509	-1.500106	
2.855000	-1.188008	-1.502865	
2.856000	-1.186503	-1.505624	
2.857000	-1.184996	-1.508380	
2.858000	-1.183487	-1.511135	
2.859000	-1.181974	-1.513889	
2.860000	-1.180459	-1.516641	
2.861000	-1.178941	-1.519391	
2.862000	-1.177420	-1.522140	
2.863000	-1.175897	-1.524888	
2.864000	-1.174370	-1.527633	
2.865000	-1.172841	-1.530378	
2.866000	-1.171310	-1.533121	
2.867000	-1.169775	-1.535862	
2.868000	-1.168238	-1.538602	
2.869000	-1.166698	-1.541340	
2.870000	-1.165155	-1.544077	
2.871000	-1.163610	-1.546812	
2.872000	-1.162062	-1.549546	
2.873000	-1.160511	-1.552278	
2.874000	-1.158957	-1.555008	
2.875000	-1.157401	-1.557737	
2.876000	-1.155842	-1.560465	
2.877000	-1.154280	-1.563191	
2.878000	-1.152715	-1.565915	
2.879000	-1.151148	-1.568638	
2.880000	-1.149578	-1.571359	
2.881000	-1.148005	-1.574078	
2.882000	-1.146430	-1.576796	
2.883000	-1.144852	-1.579513	
2.884000	-1.143271	-1.582228	
2.885000	-1.141687	-1.584941	
2.886000	-1.140101	-1.587653	
2.887000	-1.138512	-1.590363	
2.888000	-1.136920	-1.593071	
2.889000	-1.135326	-1.595778	
2.890000	-1.133729	-1.598483	
2.891000	-1.132129	-1.601187	
2.892000	-1.130526	-1.603889	
2.893000	-1.128921	-1.606590	
2.894000	-1.127313	-1.609289	
2.895000	-1.125702	-1.611986	
2.896000	-1.124089	-1.614682	
2.897000	-1.122473	-1.617376	
2.898000	-1.120854	-1.620068	
2.899000	-1.119233	-1.622759	
2.900000	-1.117609	-1.625448	
2.901000	-1.115982	-1.628136	
2.902000	-1.114353	-1.630822	
2.903000	-1.112720	-1.633506	
2.904000	-1.111086	-1.636189	
2.905000	-1.109448	-1.638870	
2.906000	-1.107808	-1.641549	
2.907000	-1.106165	-1.644227	
2.908000	-1.104519	-1.646903	
2.909000	-1.102871	-1.649578	
2.910000	-1.101220	-1.652251	
2.911000	-1.099567	-1.654922	
2.912000	-1.097910	-1.657591	
2.913000	-1.096251	-1.660259	
2.914000	-1.094590	-1.662926	
2.915000	-1.092926	-1.665590	
2.916000	-1.091259	-1.668253	
2.917000	-1.089589	-1.670914	
2.918000	-1.087917	-1.673574	
2.919000	-1.086242	-1.676232	
2.920000	-1.084564	-1.678888	
2.921000	-1.082884	-1.681542	
2.922000	-1.081201	-1.684195	
2.923000	-1.079516	-1.686846	
2.924000	-1.077828	-1.689496	
2.925000	-1.076137	-1.692144	
2.926000	-1.074443	-1.694790	
2.927000	-1.072747	-1.697434	
2.928000	-1.071048	-1.700077	
2.929000	-1.069347	-1.702718	
2.930000	-1.067643	-1.705357	
2.931000	-1.065936	-1.707995	
2.932000	-1.064227	-1.710630	
2.933000	-1.062515	-1.713265	
2.934000	-1.060800	-1.715897	
2.935000	-1.059083	-1.718528	
2.936000	-1.057363	-1.721157	
2.937000	-1.055641	-1.723784	
2.938000	-1.053916	-1.726410	
2.939000	-1.052188	-1.729034	
2.940000	-1.050458	-1.731656	
2.941000	-1.048725	-1.734276	
2.942000	-1.046989	-1.736895	
2.943000	-1.045251	-1.739512	
2.944000	-1.043510	-1.742127	
2.945000	-1.041767	-1.744740	
2.946000	-1.040021	-1.747352	
2.947000	-1.038272	-1.749962	
2.948000	-1.036521	-1.752570	
2.949000	-1.034767	-1.755177	
2.950000	-1.033010	-1.757781	
2.951000	-1.031251	-1.760384	
2.952000	-1.029490	-1.762985	
2.953000	-1.027725	-1.765585	
2.954000	-1.025958	-1.768182	
2.955000	-1.024189	-1.770778	
2.956000	-1.022417	-1.773372	
2.957000	-1.020642	-1.775965	
2.958000	-1.018865	-1.778555	
2.959000	-1.017085	-1.781144	
2.960000	-1.015303	-1.783731	
2.961000	-1.013518	-1.786316	
2.962000	-1.011730	-1.788900	
2.963000	-1.009940	-1.791481	
2.964000	-1.008147	-1.794061	
2.965000	-1.006352	-1.796639	
2.966000	-1.004554	-1.799215	
2.967000	-1.002753	-1.801790	
2.968000	-1.000950	-1.804362	
2.969000	-0.999145	-1.806933	
2.970000	-0.997336	-1.809502	
2.971000	-0.995526	-1.812070	
2.972000	-0.993712	-1.814635	
2.973000	-0.991896	-1.817199	
2.974000	-0.990078	-1.819760	
2.975000	-0.988257	-1.822320	
2.976000	-0.986433	-1.824878	
2.977000	-0.984607	-1.827435	
2.978000	-0.982778	-1.829989	
2.979000	-0.980947	-1.832542	
2.980000	-0.979113	-1.835093	
2.981000	-0.977277	-1.837642	
2.982000	-0.975438	-1.840189	
2.983000	-0.973597	-1.842734	
2.984000	-0.971753	-1.845278	
2.985000	-0.969906	-1.847819	
2.986000	-0.968057	-1.850359	
2.987000	-0.966205	-1.852897	
2.988000	-0.964351	-1.855433	
2.989000	-0.962494	-1.857967	
2.990000	-0.960635	-1.860500	
2.991000	-0.958773	-1.863030	
2.992000	-0.956909	-1.865559	
2.993000	-0.955042	-1.868086	
2.994000	-0.953173	-1.870610	
2.995000	-0.951301	-1.873134	
2.996000	-0.949427	-1.875655	
2.997000	-0.947550	-1.878174	
2.998000	-0.945670	-1.880691	
2.999000	-0.943788	-1.883207	
3.000000	-0.941904	-1.885721	
